8592
8645
3730
1551
2437
4018
3092
5402
5853
1811
8916
4623
2505
5519
3207
3777
3386
1595
4647
5003
2059
542
2781
6467
2564
6449
6480
4986
10
2748
3872
8062
9891
3519
3091
3724
5907
7049
6958
5805
5722
6823
6038
8815
5297
4558
1843
9569
1273
4539
5347
5578
933
7104
8300
1674
7416
4728
4841
4659
9458
914
4977
6983
2730
5678
9574
9566
6731
3117
5389
7071
7881
9788
567
7218
4816
8308
7239
8662
4026
5582
2783
2309
3596
791
3756
7857
1903
7527
8499
2855
8066
3874
1991
4852
2167
6358
6284
9424
8520
655
5969
9755
5315
5781
4885
9710
719
4495
5888
2334
158
4273
4409
7347
78
6981
4302
8867
4276
8050
3587
9705
2643
4275
8318
4579
369
2438
9262
9387
526
972
3700
7636
568
8618
8322
5442
2978
4264
2664
1112
2099
3038
3160
8267
9569
3332
7740
444
1892
6460
5638
5374
3747
5885
812
6995
6396
6511
3398
6615
4172
9791
1990
6709
4296
8392
556
4950
2209
6530
453
4162
4949
2515
7911
1828
2562
4626
8212
9755
6672
1970
9606
4456
2022
3089
9274
6973
9764
8392
3843
7492
8498
7958
7839
8909
8824
9910
9136
1758
4582
8217
3015
1844
1529
3402
8457
6638
8239
6120
561
3664
6841
1081
9413
1352
6457
4660
8347
3662
4200
1298
6974
7510
9978
5444
9995
1371
9855
5082
9475
1731
6326
596
1204
3980
3128
5741
3385
9705
6849
2320
9164
3728
1223
6339
1732
78
5685
3922
2626
783
5416
8986
1381
6814
3562
5492
2438
8622
6602
7859
5984
565
5766
4110
7172
5026
4260
4220
9164
290
4591
9026
2701
6221
8532
8419
6616
5998
3649
9497
9804
9646
7835
357
8077
6378
9091
7124
9231
4704
2963
5377
6215
4646
9508
9353
5308
2944
3309
8277
5949
9960
9665
884
7369
3203
2477
3849
8955
6268
3237
3030
8096
1849
9354
2287
2301
6647
641
5448
5904
5083
2778
6796
9899
2804
8577
2129
7595
2841
3552
6890
3339
9211
8352
2996
2346
3954
7256
50
7724
9380
2752
258
4791
4031
9575
2868
94
1745
5279
8876
8100
9505
6578
5826
6027
8630
9001
5815
2273
5819
5051
3085
4542
5496
6096
6108
413
8375
114
6374
7479
719
8325
4061
8147
7118
1516
7965
5181
2058
1747
9208
4456
8366
1979
4201
5198
8577
2619
9035
2771
9820
1457
1123
4532
504
3976
3305
1428
1433
2985
7579
2378
4771
9897
9605
2889
6988
8487
7788
1267
1306
8260
5690
4391
6970
7437
1347
7826
942
3742
5401
9303
1848
3136
3908
4749
9228
8185
4971
27
9039
4468
6274
5110
9894
9022
7823
8845
8975
7233
2984
283
5373
7144
2532
4730
3917
2986
9640
5892
4662
109
8925
2389
9980
383
1017
4939
9426
3924
3049
1885
7189
913
1020
7018
3645
401
4516
8537
602
1320
9561
4252
1275
9567
5427
7055
1852
1567
8642
3326
7582
8799
1018
2886
1727
6154
8600
4841
2294
9577
1693
9945
6374
6490
5935
1859
887
8282
6415
2304
3509
6207
4917
4892
5322
3007
3742
1380
4617
3880
1140
6417
2511
1074
7564
4766
330
2776
5558
2829
5745
2804
4704
4962
5986
6264
3997
5158
6663
4879
6362
3029
6054
8129
9553
3942
113
714
7104
6958
7168
2528
2871
3253
2314
8213
7640
7898
9514
1934
7698
4841
431
7264
2850
3935
3720
4277
5324
9088
7575
2846
8915
9627
5271
5742
8345
9173
1774
6981
9256
9740
4524
651
259
9806
8360
6990
8742
5819
6325
961
8158
6938
1941
1534
645
106
7759
9134
5669
337
143
4246
9011
3215
7475
2881
1120
168
1891
1482
7934
5384
5981
6516
2102
722
7670
9936
7327
5364
8855
852
3965
9834
6806
6626
6993
6998
2570
4342
390
3517
8305
279
5769
9280
4376
3172
3523
9554
8445
1099
5211
4758
6623
6079
7810
5409
5355
9760
1946
3919
671
268
2832
4861
448
2806
5982
2059
7679
1443
1689
6701
4549
2351
9098
9938
6736
9363
9167
8123
7579
6269
6386
5884
9354
6738
4278
1522
2808
3170
829
488
6786
657
8684
3827
6734
4425
4159
9837
8905
1032
8802
5951
4061
2971
7908
5826
2665
849
7625
3207
1708
6761
8472
501
2596
5288
5771
8991
274
9484
2377
5680
8904
8304
4872
5089
2407
335
9203
7252
2409
9223
4918
6130
3630
5638
2285
9141
3875
8682
9886
5661
4403
1788
9037
3093
9081
2281
3962
7396
5156
9865
2114
2715
6700
8517
1992
731
444
622
5767
84
8887
7867
6562
8783
1037
6126
1725
5362
295
4145
1798
7680
742
625
9157
6552
5501
780
2812
3036
5568
1610
3547
9845
2215
287
4425
6010
898
4158
3234
5115
7407
5051
8253
2063
4607
793
6322
5582
1987
3696
7091
9931
9709
2857
5639
5187
6075
4136
6474
1028
6187
2436
2608
2371
3400
3649
6551
7983
7154
3853
8850
8004
4783
7708
6282
4510
3349
8137
8496
944
3266
4346
6362
3708
2748
7598
9409
2066
2381
1221
429
6905
6385
3397
3032
3907
3495
5254
2575
6832
1647
8482
8571
2494
8447
2804
3875
6421
1636
1813
6089
3322
1051
8898
7769
6865
6275
3776
3909
6394
9929
8216
8913
4205
2278
2230
7364
3808
1613
3479
3443
9794
3445
257
2259
9098
2367
979
8222
8402
2430
9848
9719
5205
9319
2703
7386
2768
6998
5527
2535
4348
3533
3075
7484
7483
2462
2374
889
4738
2788
2003
4213
9230
679
1671
3047
1972
8967
8019
5736
4840
905
7382
4997
5055
5882
1035
7609
5829
984
3460
4498
7880
1009
5050
2863
955
9264
9886
7221
4779
9689
8492
3573
959
7228
4366
2455
5698
8936
1465
8869
4474
9044
1809
8695
8718
4697
3896
3475
7241
4310
6948
8345
1630
3923
56
5362
4810
3235
2936
7666
4222
5354
614
1370
2183
3526
3909
9291
5629
6398
2051
9984
4387
7277
7812
2824
6905
424
1344
2351
201
1800
8472
8521
2737
5400
9685
6633
2765
8172
5273
5886
2957
7754
4679
175
5637
9030
180
9747
7888
2572
1878
3641
7397
2184
3007
5623
4133
9584
6927
8649
6750
4017
2633
1297
5746
9322
8981
7974
9518
7199
1012
436
8166
8432
6901
1866
84
8010
9179
1550
2315
6072
6633
9378
7634
8276
3376
1493
7000
4937
9135
5128
5234
9620
1397
3640
1158
8668
4205
1820
7993
5504
99
9790
7608
9646
2669
196
4476
415
3184
4081
2704
7497
6554
6779
9645
3129
7426
4353
4111
2877
6417
8020
2185
4647
1213
4873
8551
8511
2329
6129
9817
5286
3870
9742
1045
1327
3114
2622
1514
3156
3456
7290
421
6968
2720
5697
2909
5824
9322
9823
1063
8564
1624
5375
4255
2613
1115
7187
5702
5935
1331
3083
6209
6587
7903
2529
3368
2284
8602
3903
8932
1888
5532
9115
1000
5601
712
4220
2945
3752
8994
947
9494
7631
1781
2064
3221
3149
8255
307
8181
2265
4338
1342
9056
3929
5383
6056
8278
2367
999
971
3169
878
7301
3830
8020
341
6816
8011
8308
104
7382
7666
9606
4126
9963
3637
651
9712
4958
9938
8925
8728
8441
2215
76
1083
2564
4958
6419
1162
8115
6831
9825
8042
7850
4452
2073
1285
817
9690
5188
6112
2178
7888
3001
503
8675
2523
7598
1802
7359
336
9775
1575
5273
4843
9035
8258
4364
3346
9788
9929
7470
4755
8982
5189
1661
5225
7455
9557
7215
760
264
4181
4513
2434
1937
6210
6968
9708
9541
9706
7289
4995
4844
7732
8755
2188
7772
8028
1120
2258
1489
9925
9681
7209
9800
3680
7745
9152
9974
7239
6167
8568
4553
5137
6962
4955
7034
8467
4600
5976
1583
1082
4170
45
1209
87
3715
1678
329
6719
9599
5568
8141
8887
9108
2170
593
6317
2497
4249
9384
1988
1314
4964
5551
1045
742
9209
3506
79
2246
791
523
3455
7498
4132
8158
8990
8124
5915
9246
1212
3362
8041
9467
2953
9731
823
6475
7846
3954
4770
9072
5709
9381
6875
7347
7982
3375
5286
5711
1513
8648
7899
8333
8807
5839
2499
7796
3176
3787
1762
1868
6238
6162
4957
8395
1250
6997
461
8895
6683
2302
4785
5992
4672
6636
7065
2579
3414
7576
1013
4394
4953
6112
250
8043
1694
9008
4559
2354
2784
2178
2806
1971
9803
1337
9814
1269
9424
1400
8130
5000
1437
5986
5457
9613
8833
9832
5963
1280
2562
7556
1567
7709
8875
3427
1600
1928
5465
8347
4281
6937
3645
1360
895
7150
9564
9393
3022
9080
7035
4959
2824
6427
2839
9349
1362
8394
5277
4134
2796
5810
5904
3430
8174
1128
1642
4598
214
558
3738
350
5450
5983
2672
4379
5011
6161
989
8141
7828
2715
6143
152
5555
8361
8217
4587
7707
1928
2344
7674
3135
291
3235
1396
3777
3079
6695
3422
4598
6635
4541
803
1824
4146
8080
1346
6354
8385
7365
5701
508
5270
2333
9540
6020
4399
8759
6653
8859
980
4274
8815
4519
1118
8197
4180
4888
3102
138
865
6961
1083
5332
5544
751
6054
5904
4431
471
5235
2641
1866
7303
8953
6622
6644
5431
540
686
3294
5350
9165
64
2219
3391
3836
200
9000
7325
3406
5656
7392
8075
9435
3892
7788
3889
317
3481
2139
9850
3283
3633
6721
5720
8679
2378
840
5496
8389
5280
9304
9616
5412
5943
8172
7157
7951
4377
3939
5687
2631
1977
8227
7214
6961
3131
1253
1238
8890
3595
5221
3987
1411
6153
7381
836
9790
4784
1059
5396
476
9694
880
6986
5528
2951
20
5807
4570
5244
9999
5384
6281
1652
3934
9011
1950
2636
3271
6211
7826
497
380
1088
2301
4860
6586
2528
1537
5090
1114
5535
8743
2526
9365
8229
3977
2649
1190
8639
4911
2920
3095
8615
4857
6969
5216
5810
3156
5399
5779
5420
418
2811
1623
4158
8828
8800
8072
5688
1909
24
8237
3420
5403
368
787
8422
1952
7347
8343
2647
7981
4400
2273
2763
1932
7548
3663
8121
2709
1754
4943
5675
3236
6847
4032
2648
231
9780
4870
9918
6897
6004
2464
8022
7844
7069
6999
1202
1979
1613
7688
7262
5695
2476
7255
2753
8761
6925
5431
5838
9626
7409
711
4711
2526
178
9221
5344
304
3021
3787
8105
1877
3438
8289
6609
7971
2075
3124
2619
5301
4345
1735
6732
1609
1627
1600
9891
1787
2782
7695
1702
1728
8183
4904
4028
1147
7229
9119
4794
276
9494
435
1837
5425
3789
7520
7390
2448
6856
4471
3002
6223
5267
6084
2396
537
7755
7510
6148
946
2473
8731
1136
2042
5374
8961
6226
7026
8230
2346
6896
685
9455
3825
4657
7499
1693
9666
1886
4971
8220
5619
6920
3867
8893
4127
3693
7974
4449
1425
1150
5171
4893
6998
8141
946
7359
356
9262
1081
650
8020
1649
4173
6850
4985
2960
3057
996
8526
6793
5199
9644
7599
876
6245
1186
1220
4940
989
9539
6621
5324
4403
5524
7581
91
945
2942
915
1890
6308
1084
5757
5310
9622
4594
310
7520
3316
9024
3381
1624
3466
8129
4125
1187
5378
6486
930
8480
9927
5774
2402
7874
1363
6258
7662
8680
1493
2665
573
7298
4486
2698
9386
4544
1520
7287
220
7490
4667
5907
6392
9200
9553
6907
2726
4304
3291
7975
9757
2842
1449
9578
4190
6250
2706
5642
8284
7161
2626
3327
2162
7344
7936
9099
5133
5887
8723
9616
3246
8791
1547
6341
8871
634
1188
3123
4660
514
391
7233
1691
8800
3527
7280
672
5303
6792
4439
5029
7632
2806
4577
2922
3120
2766
2753
4013
2196
2344
4464
22
8342
6481
8072
933
7577
9981
5566
5334
9661
4424
2836
4428
9202
3595
706
230
4713
8710
6780
8545
4733
5361
1807
6836
3953
5481
6187
9533
4395
1789
4599
6565
3864
2987
6624
8120
32
8137
1049
3343
2839
2688
8982
909
1277
6123
7959
6512
1423
8867
5967
7480
3282
1392
8999
6869
3101
2267
8524
4978
592
2810
8456
55
4455
3416
3225
8229
3710
4811
7744
3235
3581
1522
1702
8113
7640
9988
7973
7627
1136
781
5813
6460
947
4246
9094
1521
9602
6822
5421
8498
8915
8281
8985
4229
9
6739
7977
3094
8252
6110
8539
9662
1104
5322
2262
8634
6097
2822
2627
1552
5056
325
1531
8831
6234
4669
1484
4118
1546
7982
7365
5704
9009
1892
1184
4184
7131
7552
84
8602
4953
2865
6164
8748
3557
4888
295
4349
1637
4796
6982
1830
6808
7052
5170
1263
4462
577
3055
5060
2376
2684
2065
979
7923
7407
347
2125
1475
5972
1205
2841
761
5096
3234
3084
8582
8444
2262
4630
1658
7811
968
9403
68
5398
4736
8155
1390
4436
6864
4104
6012
6106
744
9650
7338
1816
3106
6190
8086
1890
8690
9849
5160
8317
1578
5298
4253
8447
8995
2758
8255
5420
4150
2786
9285
7746
3900
9042
9438
5803
7694
9479
196
7350
6609
2485
6723
6858
2439
4736
9796
7490
9913
2523
982
9530
9283
714
4104
7930
5789
5904
7991
461
515
6448
7110
5088
4222
9781
4667
6065
8624
7278
3833
4412
7461
8694
6611
7453
1082
9544
5646
8684
9722
8267
7462
7684
3298
4672
1737
8342
5939
9813
9503
5276
3074
6094
1839
5889
3873
1003
5965
8916
5817
8369
2984
3969
1214
6739
1326
7950
1605
9154
7752
1119
8294
7559
7271
9736
760
9898
1834
9512
2884
7093
4840
4392
5727
1168
8943
9670
2292
7931
1380
8216
2193
2742
5277
1681
3662
833
1210
9985
9915
4981
5767
3302
4583
3078
3896
9925
2077
8537
4193
8333
2733
4980
2000
5017
2565
5395
1985
222
6151
8615
8992
3855
7833
1418
4425
4554
8821
7110
581
2089
9067
9237
6200
8244
2809
2065
3581
3293
1803
4147
7559
5330
3313
3876
1728
4122
3437
9129
584
6688
7776
5374
2274
8167
3280
6784
4560
8668
3968
9424
5427
5690
6995
1741
1353
7476
1145
5864
1914
696
8314
6059
1235
5497
9339
7892
9100
5165
1504
1359
4403
219
1488
5127
6787
4867
4579
623
3673
5157
9403
9983
1803
1252
2443
2094
6069
6102
5488
6737
9530
8492
8769
8325
2881
1866
8810
440
9766
5655
7469
2708
9382
6108
9821
5763
5077
8683
521
8773
1817
2707
8223
3511
987
9335
8191
1135
196
7819
3292
9593
1018
2834
6353
3555
6915
4811
6087
4449
4413
9637
3424
4115
5542
9569
5381
7464
6706
4431
3370
4391
4093
5365
9727
6438
8841
8660
5423
9051
513
4332
7187
8865
8292
3919
4443
3858
4341
8785
7006
9373
1423
6924
5498
2666
6070
688
6349
9511
7461
6192
4434
1572
1186
9699
5196
4690
823
1913
9578
4874
8202
8826
1585
9428
9568
1813
8947
1611
5724
7342
5910
9364
1521
2285
6086
2863
5936
2400
7959
5436
8502
2908
5223
6893
6140
114
6370
1385
9274
4746
3521
7076
7972
5568
364
586
7723
5487
5958
862
1578
1792
6861
7439
6078
4927
6094
88
3277
7106
5100
332
3172
3937
7917
1781
1646
6145
5009
8417
2475
6198
7450
5457
8977
6891
2715
1311
4069
2921
3926
4772
851
5622
5510
8227
2755
5955
9745
6281
9597
5217
6268
4656
7600
4928
2479
1363
2132
7262
5854
6148
2865
1415
4954
401
9285
1650
561
9100
1575
2547
9493
6005
6872
3800
3029
1198
6477
1797
5285
8981
119
8802
1959
8168
5534
3006
3882
9841
4289
450
380
5960
8765
3575
2745
2801
8682
2819
862
8132
9740
3894
5515
9197
3112
5056
9727
641
3569
7240
8493
5920
4680
5259
9090
8825
8144
6968
2977
9497
6589
4362
3932
7
1383
9444
2504
3952
5945
3024
9643
3448
7311
7614
5339
1479
4755
608
2917
7813
9536
6011
4645
920
8056
9082
665
5432
7988
397
8492
4558
3696
1779
6062
1326
8682
476
1117
4277
2925
8573
9867
5020
7861
3957
8879
5282
7297
2278
5504
8197
77
8006
3475
4616
7674
560
5926
6188
1144
7219
2957
40
9215
641
6115
4671
4147
9920
3347
5486
3316
2486
1595
2856
3455
9914
4816
5441
6822
9083
804
3987
6988
9284
6658
3330
5090
2602
8695
159
106
8995
9402
1468
6425
4327
8667
1534
5424
9822
2565
7755
9854
735
3384
1932
1167
841
646
6948
2376
4724
148
4721
9221
2959
6632
6712
8173
2739
3006
767
5088
6974
8798
150
3202
7935
4747
3598
3599
5661
7932
2151
2904
2569
3636
1950
1668
7996
5004
3820
9979
4484
4362
4076
9757
7563
2546
9746
1826
1265
7017
3471
7240
3250
3458
2403
8208
7952
1917
8531
9776
2425
2907
3784
5120
5576
8226
4900
1764
1841
4359
9675
2571
5680
7899
2055
3194
4835
706
4410
5914
7778
2731
6476
594
8690
5530
5241
2225
4082
5453
2773
5982
6244
4518
1651
9312
4046
1536
6761
8928
3976
9025
9510
272
5203
515
7146
7573
3692
739
6209
9585
3051
5500
4324
1959
9812
7956
2022
137
4005
5976
3089
7537
4930
4478
6367
6851
4213
8628
456
8463
1759
7787
9364
8854
6480
1755
7237
8788
1309
7525
6571
7807
1522
9123
2795
4100
4619
1186
9343
9960
7768
3247
5964
8117
4568
5581
5974
8608
5845
394
1586
9504
9314
7991
5780
505
4412
5994
1044
9515
6751
1129
1323
5186
5979
7345
1897
7929
6239
7327
6897
9229
8675
2271
1716
7615
9569
9644
7304
2262
8833
175
5328
8519
4214
2201
226
5900
8035
5855
310
4740
9498
3990
5688
9737
8640
2174
7930
6440
483
9180
3964
8941
6944
8952
6403
1508
3837
6291
7156
3143
1995
14
2130
1680
1673
279
6137
4071
4534
8138
2513
5586
8363
3146
2150
4628
3593
5220
2247
4035
8530
7377
3213
3863
8859
9647
663
4295
1018
7012
6491
3872
9358
1056
563
6960
2284
7423
2622
1096
7429
9460
9134
6863
2868
7049
4470
187
4176
573
7951
4961
3291
2447
5111
101
4271
7576
6573
7419
8597
8882
6747
5768
8247
3517
8502
4478
8301
4490
7943
9753
2113
9754
1092
2254
1156
3254
4725
9445
6517
4897
523
7472
9847
1868
7360
8799
986
3602
915
6864
4723
2513
4358
633
2231
1874
688
1240
1691
9518
1683
9821
8715
6341
8615
9308
782
1598
4322
3572
512
9540
9760
211
4893
8340
8463
4943
4692
1189
2179
9729
7703
1405
7405
1811
2065
9817
6516
2148
8387
3714
9741
3308
6536
8965
467
2696
4697
3090
5125
3370
7350
5834
7075
8166
3772
5404
2396
1062
1571
8848
1523
6012
768
2991
1587
8365
6287
8927
4621
1949
4498
9616
5283
5921
1527
8338
3420
9850
3154
4879
5378
7229
8147
7237
1838
6342
4229
1371
7758
4364
7773
9677
7985
8637
5992
3885
4892
7335
1541
5296
7067
3931
612
2437
7537
6776
7764
3624
3028
4110
9844
7775
8343
662
913
9634
1149
2621
3024
9281
1962
8781
2819
4206
2892
1268
9971
6866
93
5724
5817
3043
3841
9690
7276
5746
8580
2781
6280
3443
2275
1225
57
6636
7187
7585
17
526
7224
9237
3639
5548
2828
8030
5859
1177
7664
5361
9871
4525
242
5513
3089
8814
4995
2864
6011
7435
4553
2379
1362
285
6526
2231
5843
9320
1825
2668
1248
5122
5355
986
3937
8080
4447
9882
9791
8197
4945
5451
93
7849
9835
6512
9577
59
8748
7429
2597
8931
8731
108
7024
5524
6210
2335
7267
5623
7008
1655
6461
8774
542
6699
4699
7499
5598
4058
6483
5768
2488
8536
4162
2375
5904
6694
1495
7871
1153
7477
5448
8364
7293
3811
9869
322
5627
5011
6748
7300
4479
6124
6489
226
7949
3952
4196
2768
4649
8515
1030
7408
2511
8465
5188
8780
7632
5678
2029
7003
1616
642
8259
2084
7420
6072
3555
4732
6129
4888
2028
5450
456
4734
1883
2399
298
5162
604
3704
4008
9345
5267
8948
8114
6159
4375
8797
2236
2439
6288
1410
633
8982
2386
5826
3366
6687
6751
882
1973
8381
7264
3430
7962
7127
8955
6830
7635
4436
2233
2471
4460
5517
3730
5002
4511
8650
6856
2651
5584
1403
2111
517
8111
1104
7302
3432
2735
4289
5005
5022
4478
3465
8319
8839
9491
7024
3417
7875
8908
5511
9125
1789
7621
5388
2850
5040
7655
3239
3080
7104
4403
2106
8781
4132
590
846
4088
3394
9574
5150
9260
2462
6247
8098
2030
2139
9080
5654
8407
2438
8010
3153
6944
1317
9342
7813
8290
3423
9959
6774
2190
2158
3254
4881
6228
3613
1220
362
8037
7752
1043
5127
1563
9516
5914
7424
661
631
8023
8383
9233
2231
5454
4147
2023
1573
8010
682
9903
8413
8579
5251
9340
9821
5917
9391
5305
557
8290
3388
5490
3833
242
9594
5367
3143
279
7765
385
2864
442
2774
8663
9025
2573
1519
2952
9510
9244
3324
2169
6530
3131
807
8299
1430
8366
4605
9375
5159
5538
8427
5740
1084
7974
5232
1305
5215
1659
4751
7741
8013
8076
8283
5453
8317
3621
3352
8360
450
9350
989
1266
7546
138
1814
6880
6578
5525
9870
9428
9954
4055
152
6806
7871
9600
8272
2040
5159
3277
4836
6998
2631
1218
4079
7839
5664
3159
9092
9499
575
3469
8161
4086
2984
9294
9947
205
869
1820
3727
610
9222
5543
4030
2638
3485
2595
1324
9072
1517
7932
6768
7705
3512
4354
3833
9812
5546
8539
6008
6925
8403
4891
3825
5026
9197
6154
845
8819
2578
5258
2040
5943
9620
1402
7789
5861
4932
5568
4328
7126
2724
9443
5585
9002
8703
8150
8144
1762
211
6168
8023
9001
811
6056
5062
3146
4387
6396
5277
4492
7074
1128
1201
7270
8542
1785
9131
8591
3312
5439
7406
8626
2232
3960
5530
2967
7078
7780
599
6943
3238
7871
2857
3400
3028
8240
7326
4437
7052
2313
1783
6398
2658
653
2658
4926
3153
571
3540
4502
983
1365
1448
2199
8783
703
7201
7263
7461
7309
3701
6666
4150
6495
6553
9379
1801
6250
1500
4063
8499
6387
2263
7298
4695
4333
4500
7005
335
3653
1819
8136
1913
4437
7720
8255
3789
9900
7677
2959
3789
9684
8851
3106
6403
6035
2341
8650
2904
2336
9192
3226
897
9616
3953
3884
9178
4477
522
6147
797
49
5770
589
4328
9768
9090
1834
9666
8724
2481
8005
9164
1363
2689
7928
3453
8732
3800
489
9579
7095
5395
6225
8775
842
4071
881
4145
2847
4327
7948
2014
2964
4940
3326
4508
2236
7479
4681
2022
3144
4832
3535
5511
3018
1370
9078
9022
6841
5142
4293
4781
6065
4266
9872
8277
9564
5694
8659
4320
6752
7098
2923
1058
7704
6673
1869
2526
9675
5272
3809
5796
6312
8735
5003
9330
9221
5002
3562
458
4984
5893
2272
9736
4389
5613
6952
1002
4405
5567
4221
5263
1901
9044
5793
6019
5879
8474
9116
2859
9167
939
3548
4862
1866
2476
2660
5095
1639
7025
8698
8338
1355
7013
1558
5875
2375
364
9861
2746
7442
1270
3216
5847
7524
7425
9142
2103
8223
7824
6500
865
5996
4153
1576
8091
4768
7398
7179
3995
9090
8205
1984
9526
9624
8848
9158
4821
3312
8981
2148
3212
646
1328
4458
4851
8396
7918
3881
742
5797
2662
5441
1549
1446
8627
6325
7738
137
6413
8665
5429
8808
3791
4146
6038
9954
4425
8607
3436
7120
41
1136
8221
5152
5603
409
3082
1823
1011
1782
3339
4931
8582
6181
6940
1902
2572
8545
812
5611
3548
5323
1703
6628
5483
9018
2756
9065
1921
5944
9094
6254
6602
4255
722
3427
6675
5731
4150
2843
8513
8123
318
9789
1273
6622
4763
9257
6447
4592
8067
7547
8313
8944
5706
9745
464
2329
6347
3854
9189
4230
9306
496
9811
7507
2132
421
2407
834
397
4471
4287
8682
8508
9838
5848
2126
3642
9881
7618
107
3779
4228
2640
6891
8334
555
7374
7404
4624
7592
972
2913
4506
4355
607
1765
3761
5773
5281
9555
5852
4587
5440
4385
8217
6895
898
5144
1115
6678
8276
7932
8801
4451
2645
7340
4935
3666
9086
234
7771
3675
2797
2385
8721
5041
2675
9408
7164
1502
5093
6453
5761
6005
3556
3477
5177
9148
4974
3157
8502
1478
6961
6404
1040
8506
4065
2477
4413
6059
4698
5036
6453
2507
945
5812
4492
2843
3710
7543
7987
2423
1618
8368
1719
3509
3557
667
5971
9623
7638
9449
4002
2689
9920
6566
6776
8806
9857
4643
3179
3636
4920
652
6347
7392
4253
2083
5259
8939
3740
9811
9882
7738
735
9213
8955
3947
6662
7768
5165
3841
6672
7946
679
3419
2161
7343
4042
3353
7943
8907
9515
6269
6679
1554
5724
2907
5246
4505
3453
6663
7390
4682
9082
2774
4212
2754
6528
8776
436
4945
1671
2405
3741
8822
4668
9762
1487
1631
6686
6569
7341
5794
6134
8408
3395
9940
1490
1131
1250
7903
1360
6325
8770
4708
2085
1392
5042
3799
9851
5009
1645
2396
7672
7712
899
443
542
1514
5475
118
8727
2470
9450
9235
6050
6965
1994
1746
5446
5414
6904
2545
6748
8994
9759
2768
5688
1654
3544
3899
2110
1070
7359
5230
736
4718
3335
2182
3320
9677
3352
9517
2390
2122
811
2387
7026
3625
3768
3914
9002
5784
1803
1445
3627
8620
2372
4936
2979
4368
9576
1957
2626
8318
6153
3837
4366
6224
9311
5990
6131
5734
4380
3652
5983
4913
2244
737
9621
9688
856
2451
375
4168
4073
5753
3193
6926
4915
7128
1411
5603
5536
4640
3369
9280
7208
4834
2142
6210
7463
7053
2983
5647
4529
4763
5
4086
6939
8216
5208
1193
5289
5839
3248
614
6454
5889
7852
7702
7741
1977
6631
4529
4253
5751
5746
5850
1838
4905
4064
5030
6619
868
3670
6322
294
3497
3873
9750
7821
1798
2180
6323
4957
1835
6568
5395
2047
5138
5267
1993
755
1566
969
5660
8562
6528
1441
5351
1754
9232
2405
7290
375
4916
4751
3830
6152
1511
8621
8741
6449
120
7112
7092
7695
397
5006
478
6686
7935
5055
7880
2515
90
7869
1428
8920
5131
1167
9902
3658
4585
2863
3246
744
8899
2037
8480
4396
4463
6299
5328
437
8395
4678
2536
6984
7429
8404
3661
1718
5613
8630
1057
1595
3577
4857
579
1175
6777
2039
8261
2642
1282
7452
6078
2663
8984
6502
1376
4297
3306
4775
6288
6278
2068
2009
2276
4859
363
3115
3605
6821
1100
2004
6456
8825
7001
549
5257
4075
7511
6236
3679
3370
9831
3024
2479
2868
5471
2874
8250
2040
6489
1045
8818
4277
1025
8843
8870
2370
9343
8262
8391
3193
1785
7936
7812
9405
7580
8575
8095
7175
2857
1360
6229
4617
8854
9076
4666
2473
9475
8606
6178
6860
539
215
9449
9990
8427
8270
962
1548
7381
1003
9419
7198
7903
5362
1010
7289
1091
7214
6167
5955
3050
3238
5125
6307
5117
8387
1603
3913
6786
1029
8567
8282
174
3607
2185
3938
15
3268
6235
9024
2984
217
4372
9661
7919
5327
9605
7231
2939
3185
3721
5467
693
7332
7875
1096
8380
4524
1215
3825
4754
5725
9423
4869
5903
7224
1277
7828
8233
8090
7782
2740
3266
1112
7711
2470
1703
6060
1574
3095
4139
267
7016
3297
4449
7809
1761
1160
5450
5832
5482
6117
7330
4669
426
7339
3765
7216
6785
283
101
8032
4974
1668
8318
1434
5771
1913
6248
6001
4735
9699
2870
8839
329
8696
6257
2854
993
1029
3714
7650
7272
4975
2186
8735
6959
2768
5064
803
3623
9387
2593
1160
8551
5422
2437
4160
1328
7190
1857
4335
3897
9766
869
5152
9246
1233
3953
4020
4349
8991
968
2915
2898
2047
4430
7565
1804
6625
6579
9149
71
4937
7624
401
5513
355
9746
6111
6167
4611
953
7343
5037
5403
8899
3413
5994
5903
3901
6921
2983
3449
5516
6524
1656
8689
4507
1133
617
7537
6504
1467
2616
6801
4605
7753
2525
1583
7917
7061
9828
6344
2239
9077
3390
1411
7230
9414
4216
9666
3984
9321
5696
9028
3888
3891
46
5309
1709
6732
6549
1179
1492
2178
2801
6872
7734
2466
6806
2067
8506
4224
4455
6846
7414
3520
2239
4953
5212
2593
7820
7008
9577
9714
550
1026
6465
3037
1360
3554
5672
3433
4375
4012
7509
748
7287
43
9351
6161
4510
1006
5410
126
3578
9356
8885
8516
6638
3198
254
9873
5453
9060
7543
766
7096
3524
711
635
4345
5537
7781
6799
25
4803
2803
4088
5008
6910
5918
6880
1065
1088
5535
5397
298
7042
4964
5234
2363
2995
6147
4927
6161
4989
7201
9463
8637
6571
7848
6315
3248
4268
9836
8691
683
6724
2029
2582
2266
1379
592
9751
1391
5893
5906
9547
6304
914
1903
8519
8021
3395
8710
6861
3189
5963
3165
9262
3124
4324
1599
5948
6441
6201
2812
753
9502
9403
7984
4191
4140
6753
8706
6086
4925
1073
5962
9922
6925
9486
9959
7680
2409
8775
95
6457
5316
5904
8566
9028
275
4749
6076
8644
1730
6625
2989
9401
7609
2000
1997
4364
902
3131
9368
5718
927
7688
6294
4451
1108
4871
5627
9305
9937
8341
2042
100
7170
3897
2965
2661
2315
7556
8004
665
1040
902
1428
2537
4229
6684
2568
3453
2976
574
2882
9224
3715
8902
2596
139
5452
7967
602
9233
1811
6908
2365
7867
6190
3385
4323
4549
8693
2785
8018
6191
1311
1238
6856
839
2344
7448
4293
1267
6174
9709
9227
7082
1213
6996
7112
4548
3978
9110
1723
7656
1161
2719
1193
7976
8565
294
2810
8165
9448
7552
6988
481
4495
8820
9519
1284
4110
4014
358
2502
8082
8926
7533
4783
6969
5768
8506
279
1692
3003
5897
4891
116
7038
4361
523
7357
9350
9510
7535
3157
9547
6460
4732
1264
1920
9391
2803
7166
665
207
3955
7808
4743
3297
4210
4058
5119
9994
2365
188
519
3188
3741
1490
7134
8242
2321
8987
8484
5367
4771
5373
4154
9906
2101
553
7598
6925
8502
1960
8123
1332
9078
7206
8015
4564
1835
5230
1909
6819
115
9071
4503
3197
1398
5793
2692
1242
3064
5550
45
7115
8481
9990
2532
3904
3929
8846
8179
4310
7689
6017
402
7724
6098
9316
4664
5689
6898
1771
2772
5691
8642
3880
5796
8150
7488
2374
5730
4836
1148
9802
4714
6670
7002
8130
3659
6799
2073
3384
6048
3376
8811
843
3129
6803
604
5375
9091
3407
8253
935
2595
632
7034
4301
334
104
1610
9360
2060
2811
6509
2617
1697
9241
335
8245
3427
5554
2892
138
6580
1198
9869
3353
5167
7307
5783
1622
1209
2422
8204
5808
3795
366
6949
4714
7721
3299
6796
5472
9993
5944
8407
3074
2616
9304
8846
495
3462
8367
6759
1585
8262
4225
4613
4029
7207
4262
3840
3125
160
6744
3947
3635
9388
76
7028
5086
2269
8587
5643
5554
7968
4295
8395
4345
8953
3638
211
2833
3157
5204
3207
6314
25
5506
2703
1230
7651
9493
1764
1805
6794
2712
5172
8676
4386
3174
8652
8200
7744
2223
4235
5781
1053
8736
5636
7833
3135
3538
4885
5342
8572
3096
2105
5672
5698
2565
3579
9379
3274
9140
893
208
8898
4892
3838
6589
9435
6297
8157
998
455
2912
4723
2016
6557
2677
4125
3065
1804
7844
5759
393
5752
6308
3975
625
6313
7412
4497
5567
6556
695
5204
5439
4404
125
8570
3824
136
4926
7222
8445
9808
597
7939
5161
1327
3001
5337
1867
9391
3358
4872
5927
4731
1503
9459
4825
2588
9932
8078
4541
3844
8789
4292
6856
2039
8870
2060
922
4919
41
1916
6415
9680
9169
6698
6802
8967
726
2788
5998
7206
4338
7540
2616
1047
7168
525
1976
1155
879
9048
1509
838
8163
1050
688
7652
4612
1630
7847
3883
87
6841
8224
6258
6610
2073
6166
4688
2321
8011
7978
1160
3386
9974
8837
5794
2300
5171
2202
7538
9717
2663
5652
4425
5923
8216
288
1916
7252
9811
6091
4119
3521
1696
8159
4938
1795
2351
1099
3563
567
8208
8454
4611
4325
3473
88
589
5007
4868
8000
5756
2523
1982
4283
9150
4403
4130
6513
1902
292
4820
5517
633
96
9463
9969
5908
566
2434
7556
7558
2772
1414
5586
6550
9789
266
8758
2465
1543
8252
9362
3997
179
368
7503
6319
5937
8587
349
7488
9276
3299
5345
3846
9461
7340
6036
449
9140
1147
5712
8218
1619
8032
8112
3947
6249
4725
695
2166
7532
6580
2937
8420
5037
5714
5289
5288
1990
1583
4002
1777
847
6140
2551
2965
2150
1506
9414
6730
4908
1654
7594
8956
4684
2395
8056
8700
5025
765
3249
9571
1996
6184
7330
5839
1527
7468
1728
3348
9534
9550
267
9149
2370
250
3649
1247
6437
4363
9914
5467
5955
313
3817
6530
9064
5020
9305
1746
9532
6722
6781
8025
7732
6300
3649
4940
9776
6465
50
5417
438
3396
6399
7111
3335
4609
5622
3538
7455
3719
3730
8039
3283
2132
4983
4026
3544
9468
4716
1060
1060
8685
8250
2982
9068
2248
9903
9345
4191
3207
2047
7295
773
8767
7249
789
9607
162
1184
2300
9633
4690
3936
3333
3075
8318
2668
5792
9303
6101
9356
6241
1100
5337
6733
7443
4855
3810
1693
9684
794
2391
921
8643
3059
6335
2552
146
5494
7255
5317
6148
1397
6727
720
1638
2306
2611
9571
2511
8639
4911
5072
5142
4553
6317
3260
3525
3178
7322
1254
3565
4866
6794
7276
331
7222
4642
6794
3013
2595
8441
8252
5512
9944
7683
2536
997
3083
3399
7286
9271
7864
3205
151
6613
9520
5234
6264
9057
3214
752
2546
4881
1771
9162
7481
8431
7679
5760
3349
661
3982
9255
8785
1238
299
5269
6203
7821
5946
872
4310
5083
3187
8754
3927
7831
5801
3769
4055
141
4883
8507
3255
2111
3757
8559
2546
8137
6053
1802
9825
7393
7473
7685
9886
9708
1623
2138
5939
2761
9325
1891
8265
2350
9190
5038
6412
8582
1782
3030
6703
5672
7968
3668
5082
8351
4775
8776
3654
8255
4347
7504
9013
7188
8691
4863
82
3100
5181
7142
8226
6206
5353
4504
2852
8267
4671
7614
3164
8014
5410
6153
6112
8522
7780
3154
3626
62
6274
9042
2089
6104
178
80
893
1321
8022
191
3689
6375
4766
6841
7924
5400
2946
4451
7476
2503
7673
9739
5202
8349
5886
5149
7918
3347
517
5510
3384
868
2081
9396
9826
9917
3300
8867
4275
2866
8533
547
3607
4055
1085
91
620
7977
9689
1530
5347
7047
9907
3794
4065
5835
9601
1977
7964
2613
2562
7952
1461
1888
148
1375
5661
175
2877
7998
6719
3470
3052
9150
1530
6786
5081
5606
643
2881
8077
771
1003
3527
810
296
1197
744
470
1476
4339
3659
2444
9832
842
460
8786
6745
2334
71
4605
7643
7220
9019
1293
5718
4947
5136
4083
2680
7022
5131
5276
407
8321
8081
3781
304
8988
3561
8397
9742
1124
1550
9560
1755
4588
4306
7138
1645
1410
7793
6188
1065
344
5397
680
5727
8157
6824
2880
2674
3714
7548
1988
7093
6723
3571
1348
6317
9337
5218
4637
8161
1903
5281
7044
299
5239
2934
8618
3149
570
5687
7874
3789
439
9479
421
3208
1809
5511
9357
8626
841
7629
239
2347
509
608
7853
3933
2022
2997
3774
4661
2723
4013
2216
5266
3776
381
611
6037
9617
3224
2194
5927
7789
8629
3739
6507
3861
9184
3441
1728
7391
5098
3041
8662
5600
9413
1461
4147
3673
1033
6859
5724
2672
498
4373
5815
8111
5982
7383
3147
3372
6507
9787
8429
3270
7213
4097
1898
7337
1837
4272
3625
9948
1186
4178
259
529
8559
5093
6005
3073
4645
5037
8585
9558
606
6292
8932
1761
7853
2052
9651
7809
7637
250
7505
7353
6571
7399
2900
2205
9065
185
7371
5956
4603
450
6132
5023
6231
4574
339
3901
5756
1150
9195
6453
2498
5710
5415
3657
3825
6674
2189
8222
6810
6500
5081
1099
3544
7319
7008
5209
4049
4930
7293
5419
1912
6320
850
9902
9353
3168
3998
8153
4721
2262
8872
4077
5246
7422
9390
9257
976
1195
4820
1213
9179
7429
3063
9340
2200
8849
4316
7134
1498
741
9418
848
7251
6401
1818
1047
756
6623
2331
4383
5734
3953
5172
6591
9395
9228
8643
2675
9652
7823
2621
2318
8235
4099
3354
4188
6500
2935
6754
2199
5330
7881
408
8320
7012
7380
5623
1157
7501
7887
2801
3816
5559
5654
105
9341
3772
85
5309
8508
1331
4324
6764
3572
8301
1019
7033
606
1287
777
9274
181
1378
7494
1242
2279
1391
1818
9248
7353
4200
851
4542
7030
7475
5491
4225
1119
4304
803
7731
189
7422
3632
4655
2450
9124
8505
9033
6028
5349
5477
8094
1366
1974
9689
3889
6740
9650
3849
7744
2200
3126
3336
4332
1047
5855
3389
284
1516
1130
4383
2582
3523
3295
6091
2415
9710
4485
5051
5925
7497
2076
7928
179
2899
6785
5488
658
570
4903
6899
8505
5954
898
9548
4487
7753
6121
2732
1109
7127
7115
8811
8599
3070
1229
1141
6640
6164
5739
5540
2306
7452
480
4896
1292
4263
6464
9829
2948
3402
9470
5991
6636
6774
8816
3607
4141
7830
8257
4683
4573
2308
78
7528
1061
562
7247
7318
72
489
1778
6365
2311
3107
9044
6800
9347
4780
1633
5621
3851
1474
166
7259
7718
5906
1733
4917
592
7817
6535
4662
2758
9135
2583
778
8487
3731
102
9976
5139
9484
2513
9535
1222
2169
4763
7260
2755
2024
1866
9765
166
2885
6300
5517
5443
3057
6214
4511
7296
994
1424
6594
6778
5066
8836
7289
3498
7889
4373
6119
3087
9497
7778
6407
9752
8884
6476
7406
772
4855
9680
3374
1953
6839
8268
5431
6361
8480
1440
8167
9757
599
7011
5988
2801
7638
7818
6260
7846
3440
4429
4568
3983
6367
9019
2541
5567
8758
7603
8917
6615
3958
114
4661
3909
382
976
6167
4238
7923
3505
8072
9013
5006
1188
5115
7875
4548
259
8181
79
4097
7412
5199
2269
3557
3997
6630
7582
1182
1786
6635
2877
1183
9470
7681
5930
1606
1959
8750
1659
6958
7252
200
6263
4528
8553
231
1050
5943
5349
5001
7427
3350
2070
5497
3500
945
4470
9092
4884
2905
8626
1704
5623
2863
8645
6839
8226
3163
6421
1013
267
3492
1782
3130
4042
18
5883
133
4870
3522
4957
9497
9754
9647
1687
819
9068
5991
200
1894
88
7746
4034
83
4098
9035
477
7990
8040
1424
9418
753
8103
4262
6871
3053
9409
6958
5507
9393
7348
4887
7003
6935
4611
4696
442
8812
2410
6989
9939
5130
1596
4028
5013
2376
5867
5716
8625
1278
7487
6763
5882
3543
4940
4500
3387
1984
3478
1568
7586
4795
5988
5203
7020
48
9011
2010
7354
7621
2942
7072
3624
6818
5874
8655
9103
505
9524
9653
18
5657
3774
9980
6957
2312
9377
813
2
4597
3530
834
6506
7536
2627
5401
2356
8038
7292
4404
5353
732
5803
9856
965
3583
6219
8763
9395
3257
6540
1287
2535
8213
4647
6798
9087
1118
4430
6818
7222
9184
1712
3432
7310
4368
6446
4976
1767
3177
2864
4648
3430
5339
1480
1937
5371
8518
6851
5550
6669
5272
1236
2875
1637
6225
9632
5165
3972
9041
621
4962
2325
6886
7183
6916
8799
8498
311
1817
1887
7319
6789
4632
4695
302
6775
2132
3730
5097
9323
2301
57
5091
8770
1902
7966
4094
9234
2959
2462
9861
9584
3307
3339
2216
7385
5870
1970
1929
3630
8886
4228
9765
9905
6160
7495
4347
8775
3881
950
3577
8713
3683
1974
2799
5407
505
9351
1321
8599
3532
5756
6416
5128
3674
5880
7673
7552
4791
5816
1988
4405
2191
6752
9397
9566
7246
6335
1219
6684
5310
5155
8718
3963
7553
9980
9759
8682
1593
7388
3729
9723
9406
7367
2081
3091
2033
3567
4237
4958
1122
6789
6815
7837
7776
684
6501
2111
2759
4467
9682
8533
2457
905
1685
8732
9897
5058
3600
9570
9793
538
8294
5115
5324
9117
8579
7663
2908
7834
9523
4607
2951
3523
6113
7242
3322
1075
3348
6380
5987
3847
8791
5371
1842
4700
4278
7076
8430
578
6487
1778
7
9925
7407
8096
5751
162
8485
9872
2579
8967
4667
7842
2429
222
5450
5065
3823
9867
949
5882
272
67
9233
5681
9222
3348
7545
1496
7637
9523
6844
240
5824
7185
6955
381
7594
3033
8510
6460
616
360
8391
695
9520
7085
3457
7282
703
3516
7922
5648
4999
1860
8331
5374
7898
9279
8679
3148
5402
2558
2604
3937
6254
8366
8015
22
5836
8222
7422
960
9569
730
2650
4963
5500
3482
7225
2404
7006
7556
9000
5768
6793
1134
619
1666
2574
7815
4492
9229
1894
3006
3196
2773
4318
4683
4429
532
5022
2559
375
1862
6223
9330
7586
9121
5385
9983
7349
3107
1692
1077
1197
6298
3975
8123
1534
8214
224
6050
5034
9131
915
4516
3475
4461
2306
1347
6009
4246
1892
8745
6573
787
9852
6423
2089
1881
3364
2971
6912
4197
508
5400
9571
4743
7325
3652
6357
1439
2491
5254
4463
8164
484
7199
3329
3743
6492
2376
3009
2926
5169
3953
4184
7433
9021
2031
6724
5117
6179
4448
7548
456
1270
1919
7342
8021
8641
2989
5945
4160
5905
308
5197
2133
1661
7849
1043
6974
53
4513
3740
7618
702
5530
3876
9631
2034
1046
1533
4012
236
8354
4896
3932
351
7490
2846
7040
9521
9014
6571
7564
3694
9029
2588
1949
7361
6847
6482
9365
4859
9762
702
9937
2680
9415
9062
6749
2725
5979
4499
4530
2177
145
4435
4681
8155
6701
3715
2379
5594
1988
11
187
9589
410
6268
9400
6223
1119
6271
2876
9463
9777
34
7044
8145
1409
1248
618
1887
3998
9258
390
9830
5475
3241
5660
2489
1023
5075
1799
2404
7358
1085
1802
9023
5444
4059
8250
2188
4288
9278
5165
7681
6935
7301
4323
2370
7742
1963
2054
5572
6026
3459
2222
2471
2353
4621
1050
2891
4165
3196
9807
6644
9700
8045
9821
3835
8820
8071
7543
8693
2686
7469
7249
5090
2245
9168
5908
5895
5120
256
4644
382
4845
7295
9023
7051
3335
7376
5694
2411
7176
5857
1290
2000
887
7331
828
5808
7014
6031
9557
8407
7514
6818
118
5525
8932
9553
7909
3076
6767
9161
7513
5635
6438
7980
5568
2891
5702
826
1965
8913
9662
2217
5312
1955
5317
5604
5498
6654
2993
1833
8953
8189
2291
6709
4896
8645
9437
5068
8397
3115
9112
7391
567
9656
823
2211
5762
4559
9649
7498
350
5878
3811
8163
1096
3144
6906
3336
18
2910
5543
1780
2357
2541
9066
8247
9652
1052
7793
9419
3176
8795
2823
7572
588
5342
5834
3767
2766
833
7335
1183
2306
9698
1298
9325
9564
9852
1225
6342
4616
9563
6778
8302
6499
7442
8827
4745
3437
1819
4394
6917
3647
3163
8555
5907
2121
6569
7530
7291
1839
6065
6900
9960
4078
2703
4780
4677
2513
7355
2112
7252
5977
3880
2876
5784
7770
1260
3828
5690
5202
5611
7678
2305
4078
9873
4602
2129
5785
6077
7286
7230
8544
1648
6914
4710
1317
1584
5991
8909
9194
8791
6163
3987
6236
6598
8236
679
3176
3092
7328
2479
4148
8338
8499
2319
241
5728
2513
5962
8009
7255
6253
2205
1060
4982
4452
8362
2411
493
350
7752
3115
4718
4133
9099
3614
6852
2834
4949
548
3263
9416
4491
634
1475
9883
7104
4815
5088
5277
4478
9240
2654
5413
5953
8624
3564
8773
4918
9354
6442
6132
7395
9003
3359
7075
4037
2480
7707
8286
6285
3014
9873
1245
3667
1832
7124
2802
3737
8246
5393
9315
8338
3282
2951
3241
4528
1680
1641
3120
999
9156
5907
6871
9133
370
3347
2411
9747
8308
5884
1109
3840
79
8873
7390
3253
4829
6735
8030
2802
1720
4777
9966
3708
3558
9142
650
8918
9224
5905
6960
917
1701
1605
5064
7781
4047
7734
8178
398
2179
8786
828
910
4250
1430
1742
5595
1771
3379
2285
229
6086
3830
1230
5455
5424
503
5353
4162
1551
4901
3090
7245
4953
2472
667
2256
1253
9696
9949
2726
3672
1238
7301
808
6251
4853
6263
4030
9993
5895
2406
5079
5867
8077
1157
252
5230
9030
8914
5984
5965
933
9435
2426
3457
4296
5967
8285
4493
5368
5876
1066
1308
8609
4460
1172
6132
6288
920
8322
5759
3045
1180
8367
654
4889
3651
6117
5849
4970
6792
9220
3037
2494
5324
670
1319
186
3181
2789
6615
5070
4048
4138
4769
3053
9642
7649
7785
6993
4819
4668
9296
4158
5471
1340
9515
3118
1617
1510
2880
9986
5425
2348
1753
2712
5240
2642
9560
6030
1526
8989
710
9949
2141
6125
4322
1019
1044
6605
3474
3401
92
3278
3857
8962
716
5316
1495
8137
3754
964
4465
5966
4837
6762
9947
2275
1293
7517
8002
7949
324
1274
7696
9894
6368
6619
7888
837
2079
3274
3470
6911
5728
2965
1734
6191
5270
3404
9685
7828
4516
3621
6614
2621
4449
2174
183
7734
6463
4299
7942
6069
2956
4127
3468
8099
542
6553
7572
9929
6017
6431
5848
3960
3772
2373
1915
4066
977
3736
3781
2762
4138
218
4761
1330
5992
3042
1448
7917
3210
6044
7060
4252
9110
2049
8573
8675
8642
5182
9568
3827
2638
6836
1970
5084
6253
5797
4880
7974
713
6068
2679
5856
2537
8685
6232
288
5635
178
9565
6984
1695
6674
2455
2120
6870
9064
4199
2697
7048
4337
6665
7783
5695
9388
5339
7491
8985
646
7912
1877
6973
9864
8824
7402
8558
3737
727
3415
8825
829
9917
4122
429
9586
7776
1112
7239
3238
3286
9567
1575
9896
1426
6258
6583
2780
5034
246
7777
9963
6803
2631
7731
4064
1831
3961
6667
825
3987
3860
1646
739
6698
9735
4930
5225
1539
6082
7178
1144
6065
9143
5128
3279
3101
7094
7084
2560
5605
2950
4996
6766
6322
461
8736
1670
4983
8741
9837
9497
6040
2478
363
1044
4137
9233
5511
2851
2959
4817
4254
4992
6166
8014
9279
7408
1003
7653
4067
8539
1495
5933
6728
6012
7324
4849
2560
8838
8004
3221
8669
5117
9328
6606
9579
8028
3682
9576
7753
2527
925
3448
2643
1524
2791
4997
4831
855
7811
5050
9291
6439
6478
8761
8316
791
7623
1495
3942
9687
9232
3024
7720
6902
656
2786
2318
4743
4764
326
3911
4504
8087
1008
2237
2032
5831
7449
7866
262
3003
3574
3816
3893
7966
4404
8837
4424
8865
5638
3703
5463
73
2557
4124
5705
3129
333
9980
1231
3594
8494
1969
8326
1377
4200
4481
4911
8842
74
2760
7552
3634
262
3831
751
7843
9804
4411
7035
276
2324
8729
435
9743
3482
7020
8843
6605
5986
6070
5861
5799
2862
5612
8920
1702
612
3684
2227
4431
988
6265
3602
9219
4880
7421
5803
6105
9501
8632
8374
7925
1271
9063
4860
797
4730
3373
9626
7860
4881
7490
1779
1465
4892
2044
2794
9837
6268
1488
6503
1380
2817
6529
9656
9868
4676
8684
6804
5983
934
1720
7340
8807
6774
2704
5153
1397
9881
7877
7435
7689
4709
9053
295
4267
1203
8344
2289
8916
8711
2037
7976
5704
4023
8584
6260
8963
9198
8549
3364
2627
9081
8923
9488
9970
4333
5740
4236
4752
4698
969
5241
3741
380
9617
5793
7240
1235
2283
1113
8832
2604
3225
348
1775
5260
2031
267
4570
8276
8119
5898
4230
9736
3531
8520
2566
2110
2029
7800
9577
829
8187
7445
1588
195
2368
1021
1240
6580
2536
1209
8948
1189
2317
8565
8607
9576
9024
7540
6242
4466
357
9822
4203
698
9564
2679
8851
9350
9158
6246
6117
15
970
8241
1525
9890
267
6263
513
303
4504
1577
2409
2230
3507
7129
8808
5767
5501
5569
6803
5502
8350
264
9058
9335
6282
2800
6651
7148
2434
5024
2586
3915
7357
9758
1063
6655
4344
6498
363
5417
1660
6975
7631
6806
1244
5438
8548
5518
3260
3578
8966
8367
3405
9529
2516
6591
7620
4366
2251
9243
2542
4349
1379
8194
5798
9969
1819
5643
2269
3872
4579
4652
9806
7353
4202
1050
9654
2611
8391
101
3558
2778
4993
4796
7127
5870
2849
6111
1334
9801
5831
3637
9762
4640
7026
4148
9501
8399
8136
8628
9503
7445
5392
6253
6304
510
6477
2791
9075
4327
596
2087
8074
8117
1018
4464
8901
5434
4513
1641
6463
7762
2056
7553
699
2414
2355
7860
3963
9789
6537
1277
3262
3020
715
5225
2098
1277
5909
5457
1720
2167
7305
2779
2151
3199
3556
5416
9827
9111
7732
2507
8967
5477
7919
7972
7265
8305
1708
9149
1119
5014
689
8013
1311
3347
2581
1710
1206
129
4427
9091
3173
154
1465
3011
4298
6101
8282
7019
5066
1445
7353
9393
1398
4145
7597
2359
437
7534
7996
6858
6622
4048
8741
7153
7014
5970
9861
8529
4311
4067
6295
8637
132
6343
6574
1566
1519
4988
681
8811
5580
4825
4940
1139
1732
1781
4548
5993
4571
4817
8823
5162
8988
2440
8914
9379
6375
8985
7634
1572
3962
9232
5468
1308
1100
858
7979
9393
3582
4719
1078
5460
5224
6045
7979
7020
9875
8239
3374
5291
4500
6478
6870
5098
3422
4140
9675
8703
4898
7202
151
827
9487
5447
8108
7718
4575
253
2858
1843
7879
7492
893
9163
1233
8599
6843
3444
5498
1086
6281
3834
2039
4777
1255
8951
2436
7314
4078
8562
658
6902
6723
6452
8425
8057
2772
317
20
462
675
7207
8302
624
1325
6990
9159
6847
3414
153
4712
2652
140
1578
8429
8604
1376
9636
8386
2236
9823
9279
6347
9154
9007
4773
3024
147
6553
1937
3220
4393
9816
2250
3792
5034
7782
5040
772
6916
3450
2116
8528
5236
1272
5221
2917
7480
9323
6
5664
1843
6083
4192
7147
8054
886
9287
1872
5261
854
6773
4716
4558
8792
7769
4210
759
1911
4343
5470
5461
9192
9024
4549
2064
126
4980
5050
5452
9425
6916
3102
9462
2428
5900
4555
9698
6298
2712
6585
2538
4801
3612
6128
5536
8497
2004
5721
9458
3949
7189
9070
3524
573
7397
6809
9958
73
5913
8220
7886
7153
4243
4163
9385
6356
8070
8734
1496
1500
2612
4191
8171
5401
3623
1286
8152
4540
6706
5162
6081
7085
6377
6820
3988
1087
6270
6925
9963
9246
6180
9156
6537
3695
4754
9701
1223
9920
700
5407
2623
2993
585
4244
4895
6164
5770
8041
1464
6510
6806
6533
6837
3930
5860
7729
2593
2504
9504
1948
9476
2605
1429
9638
2370
382
7088
3595
5451
5944
4898
8412
4245
4132
7669
4362
2573
3493
2278
7287
4297
6848
5755
9924
8949
8354
2755
1814
886
2431
4280
5056
2851
5795
6341
8473
6187
9225
6323
945
5484
5567
3973
9578
5979
595
3851
3336
4217
278
9892
1980
8674
4370
2198
6258
5174
9946
5538
5532
4735
9144
3105
1612
80
2768
4658
3900
8345
6284
7667
4010
3292
6115
8124
1605
3742
7144
9932
3692
3462
4357
9421
5486
9063
9822
3731
7995
9658
5935
4539
7718
3156
4768
5028
7640
2286
2997
5177
4774
9557
2747
2245
429
4638
4582
6677
4641
8700
8190
7549
4671
8151
6489
5533
116
7382
560
3315
4530
7040
4753
7000
2134
565
4085
6640
2129
9595
403
3279
2614
6034
2418
9264
9760
5160
8743
2945
8669
3160
9639
4544
8256
7144
1025
1475
5658
6676
1760
451
847
6062
8144
5368
9303
1785
6430
1231
4743
6483
2542
72
8113
9921
628
1609
2221
7718
1479
2205
5999
5287
1505
2927
4037
2200
1638
2516
1864
6741
5339
3220
9103
8107
6400
924
833
5129
7592
7079
2852
5579
8588
7467
5685
4161
6390
4411
7185
2548
3960
9658
3477
6256
4599
1691
8185
4075
1738
6309
7619
1119
9713
63
4250
593
4984
1433
9297
6712
1299
3109
5659
3625
7640
6598
5628
5068
4446
2187
1762
2778
9837
1817
3343
6804
4599
9384
9680
8945
2385
7574
1693
6523
5833
2489
9568
2128
3580
1192
917
2124
2458
6325
2931
7558
6318
8763
5303
5561
6135
6750
8312
7075
1483
5814
8830
7243
2634
9319
777
3492
7294
4400
4498
2091
1266
2455
6489
3185
3080
1387
7984
6221
7678
2580
3135
4192
7960
122
7292
1424
5103
6309
7190
2113
3497
9486
8038
2121
3809
9685
9993
4622
4146
4533
5264
5974
2849
4150
1964
7099
4040
7136
1290
5758
5788
2869
4716
9534
4623
8309
7775
8265
9834
8896
9393
418
3150
2226
347
1785
4119
8370
2102
3482
4382
6805
398
8975
7710
4914
8783
8823
7401
7588
3209
6235
4526
937
8086
91
775
5219
7881
4634
7183
7447
1102
130
4575
2116
9232
241
306
462
6527
4960
3766
546
6715
7887
7957
5948
890
1080
180
5444
9544
2104
5070
3589
6558
2117
1485
2203
6215
3244
7239
1024
974
309
7876
9916
9762
4156
7304
3789
3247
1999
7949
1554
4284
4439
760
5536
7238
7578
3196
7229
6746
3565
3915
4210
6349
6186
8549
8443
1179
4639
6540
3411
6995
1196
2358
4711
6289
2215
7801
2508
3182
757
5703
8323
9207
6719
6186
353
6477
9118
4472
7345
8614
2539
2282
5644
5416
8791
807
4493
8443
7813
2706
2497
4997
598
7867
5674
3555
6247
2097
8088
2231
3631
1119
3383
6216
1414
5449
5805
5116
8084
5544
1277
1723
2193
5442
6248
6788
6995
7562
752
266
2698
5148
7147
3279
1806
7358
5772
894
9033
9201
2713
8347
9991
8507
6196
1973
2083
6778
2816
8495
5864
4621
1312
4421
2187
2914
9310
2168
1300
2020
8616
1091
3096
6716
5240
8418
3372
3628
3217
6361
8788
5638
4810
8820
9092
4777
913
3801
855
32
999
3025
8856
5487
5037
6514
2972
1537
4844
1787
4328
2603
4162
5739
1817
8382
3865
7986
8937
560
2463
1882
2159
3264
899
4801
4278
9374
2569
3370
2102
9259
6100
8816
8595
4624
5032
2145
2507
5468
9524
807
939
1693
5282
8798
5070
881
2198
2441
7704
7621
9494
6705
5864
4499
986
6310
6050
136
9222
4288
69
1818
1945
5882
573
1361
8813
1597
3078
359
2718
6191
2337
9975
6571
1748
7716
1574
9615
5948
5162
4366
4710
5622
7267
1173
3621
2000
1651
632
5373
790
6281
8423
1373
3534
198
325
6915
734
430
4760
6112
4474
4252
8650
7670
2411
4292
2336
7226
4190
383
21
2157
8133
6802
1237
3298
6398
5453
5795
26
7572
5708
388
8441
7194
4069
6544
7099
4775
8826
4937
6461
8380
8593
7040
5098
2344
4557
6547
6349
8959
795
8069
7681
5259
9133
1943
3311
1135
8025
4126
4941
6123
1583
5865
2670
7742
4695
919
3147
8760
4241
2600
2907
187
8538
6335
410
6381
1061
7194
6462
2325
7751
7170
9803
5988
3423
4622
3150
5900
2622
4778
1694
7755
3224
6958
6447
4902
5884
7928
2477
4621
3735
644
5507
3764
906
4657
5656
3630
6674
2385
247
3787
6403
9526
391
5974
904
6734
9310
4891
671
3045
718
4936
7084
5846
5419
1367
8396
1895
4353
1414
5299
576
4217
925
1789
1835
9802
8764
3941
7872
8221
6560
6647
6551
6999
3437
7817
9324
4473
8454
9507
4098
34
9186
8303
9615
9789
4261
259
3298
8955
9745
9006
7549
5128
7754
4408
4244
3726
1353
8311
4645
7806
3625
4732
6359
9449
7255
6939
8900
8579
6423
4581
8734
1770
4885
7622
303
5074
6901
1543
2736
2973
644
8586
5375
6375
7576
2797
5054
1684
7366
4606
8233
5570
4597
2090
7267
2428
6158
5103
6322
9359
3252
9799
8412
7074
1843
3345
6577
9586
8857
9376
5260
4389
9869
7106
3800
5975
5421
1038
8039
8396
4049
5199
8565
7107
9168
7912
9798
1122
839
4986
1092
3926
7212
3575
6544
6942
5645
3584
2488
5510
2265
6607
354
8441
661
2115
222
4389
1255
5765
5142
9914
8694
7680
2565
8886
1251
7502
4819
5750
3868
15
8191
7775
8441
4607
5406
935
433
9848
4320
9701
2338
3765
753
1503
7455
7087
8850
6770
7588
3350
1447
7861
7423
7712
2273
8298
1301
2278
4495
1633
3380
1338
4058
9134
2273
6043
6733
8433
276
6155
7382
8103
7521
3243
5613
489
9100
5234
5586
8399
717
1395
6330
830
5366
8949
5281
7188
2632
3221
2301
9831
2358
8364
8249
3782
9513
8895
226
1389
2833
9282
5559
7344
739
9825
6950
2035
9307
8509
988
8159
9710
1628
1403
5722
5324
8910
9087
2328
5546
4151
6527
32
7178
7776
4888
4112
3914
361
7903
202
8910
5795
3265
4060
1541
6690
129
2208
7953
9930
8950
4651
1919
4285
6860
8634
5751
9591
5541
5536
5097
2941
8533
3967
2411
2955
4821
4321
4830
1100
5110
6624
7827
8737
6528
9229
7400
4849
5579
6773
2248
230
3168
1390
3762
5392
2110
9428
15
7436
4277
4011
9615
4885
776
782
6761
9641
9791
4001
2623
7432
3938
5852
1829
2751
1731
5168
9771
2680
8510
1071
3731
6937
979
6620
1629
2543
8893
5130
8274
4389
2126
4176
8196
6624
4021
2700
7150
4847
1007
8875
2873
5337
5710
5299
3469
5849
651
1801
2915
5889
8855
5848
4492
6305
8271
5156
608
8915
5011
6816
7302
1921
1555
2302
8113
1178
3379
3441
4187
8996
9174
4351
9897
996
9119
8436
710
9107
1057
6674
8423
9781
114
2819
3366
1889
3560
1293
4027
9196
8660
7536
3954
5579
8526
3915
6539
5690
7943
7238
6854
6985
55
4153
7192
4639
1943
331
7060
1417
9225
9149
1900
7892
8837
7513
5076
9736
6
179
3140
7173
2819
9931
7110
8710
5497
6050
271
1828
4240
4352
998
521
4562
3812
3772
6156
2348
1271
8180
4951
3772
4592
8567
9689
2755
36
5050
1078
7450
1527
5807
460
8923
3989
9333
5364
8286
20
7598
2709
2723
6614
8072
8450
8203
5400
6293
8238
7687
6882
1985
9671
4592
3268
7745
6353
433
3629
137
3998
1551
7598
4655
6380
9560
9006
2283
1977
7255
4653
3288
9931
2280
3685
2642
3645
858
8344
2561
4704
2876
1879
3095
8369
481
3714
4798
5535
3994
3278
6921
4992
8076
9592
3277
3756
2002
1492
8280
9865
2401
3395
3041
3103
5583
346
7783
9297
498
8610
5204
7436
90
1732
7058
8796
6446
6295
1358
5888
4016
3795
6206
6899
9634
7388
1434
400
1534
592
200
71
1943
6504
7579
7538
9140
4482
4044
1499
8790
9018
3077
1167
2908
1685
152
2858
6902
6606
8129
4542
6635
3372
2628
8647
5087
8448
1066
1591
3221
9905
8571
8170
9194
4364
5797
5873
9040
8024
7701
925
4140
7132
1021
4492
2589
2641
6523
6993
6898
4251
7021
6989
6774
2118
9717
859
1209
3148
8302
642
3097
9843
9289
5296
2197
4362
5863
3744
7426
1077
6980
9028
1068
3824
7157
8362
8526
6967
3794
2794
3657
6517
1201
1149
8239
3495
2413
4873
5538
3792
7761
3326
8346
812
758
6284
602
5402
6941
4150
5622
799
1334
9830
5515
4635
471
3181
5568
8007
6199
9335
2417
6127
7438
7070
8407
8931
7483
8749
1463
7422
3067
473
8936
3106
6175
1483
8672
5696
7374
1037
3075
320
9405
2280
1254
454
5120
5280
5583
3001
5667
6714
7436
4206
9206
9226
2481
6646
3926
875
6192
4417
6568
7199
1924
4457
2071
122
6953
9673
6378
9453
3950
3651
6512
8526
9525
4180
906
8988
7728
9461
5906
342
823
1419
6508
976
9203
3172
3699
6112
2578
1424
3551
5070
6056
9429
3221
374
7845
9523
8589
3283
4292
8754
5465
8866
9546
7108
1398
4848
8866
3398
7959
2620
3437
9794
319
8493
621
9097
5038
846
8577
5438
3425
8779
683
3103
6495
1534
7268
8198
3935
8366
9474
6792
6681
7048
6727
5660
3509
7226
6720
1713
1315
4360
9053
2995
2484
8805
1729
9319
1718
7440
5762
6697
806
5999
1590
1293
4734
3072
2601
6716
4955
8244
5243
1164
9250
5682
8628
6713
8928
956
9869
5760
5796
2879
4441
5799
7139
9860
2480
6327
9309
5330
7774
7017
9593
9670
3924
7588
8261
893
4291
691
4757
8583
885
2552
5666
4270
8547
1247
1916
6113
6842
4112
9414
9500
5034
3850
5838
9169
5693
8235
5043
6045
914
1195
9120
9614
4849
8702
405
93
9322
7558
6644
7394
2590
9133
7537
5034
8678
2782
1287
7834
7540
4852
7195
2536
7093
5968
7070
1595
1087
5408
689
2392
3893
3676
1674
5639
5131
4575
6605
1307
5523
1428
1355
1199
5625
6780
6715
4702
2073
2879
608
8458
2003
8660
9412
436
8125
3929
8814
7537
8047
1816
5412
6757
9144
9736
4925
5652
3910
8588
9889
6417
5428
2041
8970
209
884
7793
8006
35
3317
4463
5392
4190
7856
6952
8223
8313
6897
2142
4446
9457
1947
8909
4679
4267
9392
5566
7050
4626
7938
5743
1045
9951
3339
8840
6297
8702
1306
8563
6622
3488
5208
1477
3190
7169
6041
686
7000
8884
4211
6423
9739
776
679
7061
6302
351
1307
9873
5794
5667
9163
3889
7013
215
5783
456
430
9914
6869
6051
9680
2738
4066
8075
6107
416
4980
9913
8686
5150
2233
5379
2927
4038
1465
6438
4386
7648
7480
9952
8185
8755
7427
3057
5218
2754
3311
355
6371
9113
2779
9161
1093
3433
2230
2214
8827
3802
5977
2405
7376
1186
2363
6884
9474
7947
5758
6013
8691
6584
689
104
4088
8119
5161
6505
8945
3204
6908
5943
7861
115
731
9835
5674
2324
6526
7070
1759
7663
9963
4402
2461
3662
9786
7722
669
7800
1887
6931
3397
4346
7724
8709
1670
6226
1826
3378
4486
3974
8151
1314
1372
8430
2245
504
6751
5310
8551
4578
4520
1747
1271
5033
5820
825
8465
3051
314
7933
5549
6550
6503
5029
9978
4414
8298
5657
5204
6081
7291
4273
1632
3835
17
6024
7772
8490
2912
3558
5589
9977
3549
9544
4276
8504
4202
6946
723
5582
9025
3842
8063
2500
5718
6396
1246
3411
3104
8641
3437
1957
7334
9815
4646
8807
9381
4020
6000
3474
7367
5988
9249
7542
6147
4850
846
7773
1431
8889
651
5862
2069
8870
4834
1399
3935
922
2605
1749
1474
3377
3226
9965
5610
9349
6231
2830
3984
7877
1789
2892
758
7241
4985
6936
2470
4430
7366
5695
2076
9301
3334
9552
2432
991
8230
5913
5112
5024
7674
6704
6452
6298
6300
86
5
9804
1635
9505
4448
8561
5415
4998
7452
1366
7823
4079
9860
5543
3483
8985
3069
1842
4066
9478
512
1347
5814
8237
213
3768
2990
332
7787
4447
8174
7998
596
1417
6668
4332
1051
4615
6271
1318
591
3038
7707
6573
632
6853
3339
4664
1982
5236
4832
809
4206
4504
5682
5600
9989
5632
8177
3291
6912
7232
2149
5874
8927
9265
3446
6929
6533
8910
18
3507
2692
9842
5246
5992
8678
4885
95
364
9795
1678
8430
3077
9202
1848
1573
9986
9407
6198
903
4097
4003
7449
6670
697
2312
4275
1741
2388
7883
2705
1951
2148
2860
4929
5196
4300
5381
4937
2567
6798
9527
1702
7264
4882
8702
645
3721
5450
2150
6475
4914
7923
8836
3388
4358
1266
7389
1878
3098
1077
7203
4333
9744
4899
2630
7488
6512
108
7724
5259
1342
6999
9338
7401
8577
363
581
1614
868
8261
8474
3043
5657
4055
3319
7862
9916
33
5577
8595
1248
7908
7708
35
2341
489
7162
6262
4761
5880
6235
1487
851
372
8552
1855
3888
5808
900
3479
1516
5516
7126
9295
83
3853
9
3258
3641
8665
8017
8953
6145
5308
2152
9161
2365
9633
8687
6594
4837
3758
3293
3928
1594
2831
2213
3015
6421
8137
3898
8443
3350
7895
8664
404
864
7832
8346
7051
4035
4229
5738
1584
3998
9196
6025
4155
2215
314
9860
3534
5221
1657
3063
5486
6082
4502
4038
5809
9191
1619
260
2882
4327
6336
6692
5404
6343
5897
2257
7299
1214
8735
2958
4128
3206
1378
9808
1954
5569
8395
3021
8713
5554
9332
9958
125
21
4053
860
2580
3455
5742
7648
6579
490
7756
8065
8549
3987
5306
4534
6328
9649
2842
3292
8949
6898
1354
8624
732
2002
8595
9849
6947
9144
2054
5966
5607
4548
2619
8944
6423
8444
5826
8825
5529
752
7451
6363
9692
8126
1950
9331
8866
7468
4095
5888
2063
6557
3310
1383
4154
667
2880
1998
5351
3974
7346
4959
8424
911
8778
2120
7790
5507
3363
9243
4151
4896
3788
9249
5201
4294
8859
838
5789
8254
2722
5575
6920
608
4132
5039
5542
1645
6693
5081
3990
9717
4557
9529
3344
5073
5908
1407
5180
3577
4742
1651
1313
6759
525
5178
6774
7513
507
4542
2724
1264
4316
2152
5764
4541
6284
6854
5702
1633
473
8180
85
1663
990
7547
2719
5374
2187
4214
2094
5233
5240
3230
1658
7080
1381
71
9223
5237
4589
433
641
6210
7034
8120
7903
7631
129
7517
6467
9698
7747
9518
7822
3492
9284
8120
2478
9766
8907
9329
334
3715
5832
1151
4255
8423
4016
511
5553
5074
3312
4599
688
7989
5722
7076
1621
3649
7958
9705
1781
3835
945
6796
993
9056
1500
9947
7769
9655
5039
7116
2041
8141
353
4890
2487
2224
4848
4944
7108
4569
9133
3446
3118
6729
9023
5449
4691
2942
7516
4809
7202
7911
377
7056
2876
3209
2056
5182
6167
1395
6307
8687
2003
4718
4703
3358
847
2699
456
8013
4455
8610
2940
554
1324
582
420
237
9155
7247
8631
7555
2165
2640
159
3002
5423
5920
8362
5031
1739
6667
392
1490
5771
6510
4427
121
835
9047
9193
2937
3745
5940
3841
8564
9430
7694
9353
2294
9437
9071
9695
7504
9678
1812
2100
4649
5602
4482
7826
4572
9366
3505
5146
3211
2575
6618
8359
2755
4825
174
2837
9328
8330
9560
3103
6710
575
108
5360
1008
8441
3576
6369
5914
233
9371
9427
5018
2471
8791
9981
4032
6972
1257
1695
5167
3385
1142
9155
2346
2716
1871
5321
2305
1514
2301
9819
3216
7865
9306
3525
4246
8253
7609
3981
7818
7096
103
1786
9431
7231
7345
3493
7217
6501
4089
8477
8839
2482
7420
5656
249
2975
3144
1588
851
8072
6767
3382
3045
5890
2324
8438
309
8571
3994
7020
1609
9991
7040
1685
8001
8175
5390
9682
772
7037
7189
1465
1034
1615
3936
3657
3087
5270
2972
7458
9618
2039
4135
5970
5196
5000
7672
2279
2085
3911
1222
1849
1017
905
3870
8294
3918
1378
5978
6467
1178
9531
8584
4182
7751
6208
2043
3989
3363
9304
7858
6985
5633
5008
4218
3104
2797
3119
8973
952
339
4189
689
8258
9769
1355
7076
9234
4764
5463
6426
2392
4311
9043
3530
5013
9530
5559
764
8245
7911
9827
6168
2241
3436
3121
5673
6489
709
8789
8527
5211
9311
5772
176
5522
9771
6899
8819
4542
6126
8989
6617
5778
5044
1620
4490
7813
7956
6403
7023
5811
9220
6033
6326
8955
5699
7072
783
1706
2137
842
35
1108
6174
3582
1316
989
1096
8931
3478
3944
1414
885
5931
8546
3137
8903
5316
1155
3619
6848
5492
3119
3042
6010
9571
1838
369
6629
8142
6784
8563
9225
9528
786
7465
9902
5339
2393
3416
4261
5560
4924
1026
4645
4644
4275
4291
2841
2627
4218
803
254
6259
6862
449
1868
1239
2727
1987
5612
4240
7380
1476
6215
8289
4253
1264
672
3893
83
4805
7843
6612
5451
8474
4091
6209
5275
8790
1958
2393
3826
9046
3373
2812
169
6896
7944
981
3834
8871
337
4147
8237
8359
6055
7228
1636
5653
5631
718
8910
488
7935
4782
8680
3696
7116
9681
8854
1811
4684
4609
2886
3401
2708
5154
2952
5894
9817
168
9080
5325
1879
9896
9176
6875
5381
88
1089
3455
3984
3514
2790
173
5323
8884
2535
2267
2358
2797
4906
9748
7832
1447
8994
9227
3093
3568
1564
5648
8468
8291
941
9946
975
3098
6477
4020
6234
2518
4227
1272
2387
5397
8626
2204
5694
4469
4559
3881
2609
6412
1775
686
6913
254
8423
4029
2
6782
3459
3748
773
1759
9758
3003
8237
9751
6856
4338
1697
4018
3991
3382
6813
5519
7060
1589
163
5090
6453
6206
7425
6824
3662
1024
3081
5369
9947
9635
2983
8127
611
6281
1713
5550
444
5024
4537
6748
3496
2356
3328
545
5416
256
8856
1497
7038
2642
3773
7736
5011
6263
6443
5279
3891
6143
362
7832
606
7326
2971
3150
5611
1819
301
6977
1060
8148
7944
9298
7659
9480
8085
3318
7606
658
9678
7214
8115
2138
7584
7626
6038
561
2439
4000
3575
4153
3180
3767
5859
9203
3118
3306
6173
3815
197
4973
8054
5559
6699
5954
8640
8328
7471
3458
4449
6216
867
7076
246
4790
9176
1990
9006
3819
9366
5332
2363
3292
4865
7468
1875
1336
426
9610
3559
5578
661
7635
5094
4571
5091
2369
