4557
9112
1885
6837
7457
3373
5070
7852
7374
2367
2688
3310
8008
7477
6495
450
5898
2649
5903
3524
3116
5073
3236
8873
2965
7738
2487
5419
7410
5631
2032
8241
6319
482
2048
8530
7494
9279
9464
7987
5034
787
5756
8439
2059
29
3449
5018
2294
7395
5068
6300
569
5307
4890
9155
2094
8591
5814
6913
2117
2925
6089
1470
7398
6697
5303
4048
7424
2952
8365
7397
4169
2024
3389
6386
6650
2015
8176
3134
1495
5801
4453
2874
3091
8478
1631
4560
7294
4604
2079
3971
4327
9225
5913
2450
3271
7259
8522
7146
2834
6724
6767
8197
6306
6252
7087
1060
2631
3409
5566
893
4123
5595
2986
1584
6883
2898
9471
5600
9442
3051
4277
6408
2752
596
826
5548
2199
319
7654
7237
3340
4032
6620
3435
4271
6351
4607
2881
7907
7924
7425
3517
2409
8135
8413
1
8482
2069
9967
7486
998
5226
4730
4346
5459
2348
6939
9423
9883
1321
5763
9414
9142
1498
2580
9387
5867
7210
7727
7345
1247
1887
7826
5301
5569
2833
5589
319
4646
144
4386
615
3057
4908
1772
6109
2866
4581
8528
7136
1817
6758
2063
8390
761
3449
973
2675
3538
6142
2302
2002
184
7743
5774
4302
5896
4226
2001
4789
1287
2121
8939
8559
2536
9232
9609
9758
1052
1296
5657
4043
2444
8336
1707
9778
904
1255
5238
5010
6228
5184
4150
310
7954
5011
37
6851
7281
1105
1530
2199
2910
275
4917
8969
4381
9680
830
6732
1520
5523
122
5975
7984
5458
1152
6071
6133
6970
2605
2905
8369
9560
3501
5559
618
1972
5703
5120
9327
7625
140
2492
9805
8423
6214
7439
5983
3207
9029
6736
6245
5973
2935
3361
6536
5965
9047
4645
8680
2782
1435
3
8371
9198
9583
7625
9756
767
6573
8876
2989
3954
4889
3021
8735
9057
9901
6986
90
3604
3698
4131
7789
9347
6689
4005
2779
2231
1676
6717
4126
1287
7365
6976
3404
4704
8972
6451
3398
9473
214
4957
4280
7770
7616
8765
5924
286
6016
7024
3835
4894
5365
6671
1358
7367
9149
3027
7170
4366
8005
7987
3181
7891
9222
3145
8690
1781
6154
5023
3958
5192
3336
563
5670
7436
8460
5611
3816
8450
2607
1227
575
2293
8615
7201
3261
7814
5742
5455
7003
6445
1388
5919
9501
4516
4433
7433
210
6743
4820
2210
2293
130
642
8215
3748
7512
1698
1174
6516
4315
9521
8443
6234
5373
3423
4902
3439
4657
3026
446
3933
5440
246
2237
283
8618
5700
9679
4223
5793
2526
4
7051
2197
1728
2876
3483
792
2701
4669
7520
9275
4297
1941
3216
4687
8497
9856
2467
5079
5591
573
2814
1464
8411
8936
6154
5721
4240
6003
6399
7540
7168
6124
6381
9139
1300
9237
5716
3793
5766
6898
9296
834
1581
7347
7735
8145
5742
978
2587
3338
4126
335
9697
7816
6115
1787
3297
7614
5366
6222
5957
1884
3078
8743
9598
9674
7334
1231
8095
4494
7184
6520
9488
4528
5216
6448
9191
945
715
905
2012
8761
8038
7355
6543
3897
872
1501
9693
1621
7585
2125
3386
4738
4314
7495
6174
3423
4927
779
334
1978
7625
7591
3140
6091
5769
305
6862
7089
7283
4398
7364
8328
4680
2387
8107
8659
7434
798
7301
552
5636
8161
7079
6123
6343
165
6570
977
4090
4539
526
2079
451
7743
5019
1283
9161
8929
1405
6573
4221
4909
5365
6329
6719
36
1570
6594
9486
4915
7772
8667
9900
1191
7889
7389
9204
7863
6027
3961
8862
3351
6903
1695
2971
3561
1453
1338
2083
1187
9549
5421
4670
4764
866
8100
1742
1096
3782
1243
4763
6247
7533
4494
4024
3690
7828
8659
6939
4544
2228
8497
5364
5189
4650
6375
8421
3721
8339
2268
1127
5409
9664
3874
6408
2822
7702
1524
2952
2153
1722
8200
4810
5506
4342
5260
1209
6337
8883
913
7993
1164
678
6194
3614
932
9413
6791
616
6423
2270
5050
1337
8193
3333
9712
3709
8982
9821
4780
1445
275
7408
4842
470
710
1649
7967
1014
7311
63
5357
4253
2460
6982
2358
1160
8546
2002
6447
5855
6618
624
1209
9476
1862
4795
2946
4734
6743
7467
7808
6323
1054
7424
5462
8799
4872
1581
1188
9063
9034
9921
8144
7395
1497
2257
1789
392
6401
1293
4499
6763
1012
2036
6954
1273
7217
6158
4958
8017
9446
5618
4107
9348
5169
5947
406
5717
2526
5815
5778
4171
8993
2413
3098
3897
4896
4431
1617
7694
1353
260
3571
4970
1124
8190
4717
5017
7326
6243
4625
8566
6965
6759
6660
8439
4818
5529
9704
6624
7474
8242
9518
9755
8529
1283
41
3708
3271
1885
5146
7856
4739
8222
242
6649
2612
136
5893
4912
5773
6026
8844
8667
2211
275
7114
6930
5208
9997
3766
7134
915
735
4528
8703
7185
8756
1520
4906
809
3134
4413
4691
4353
5506
9591
241
6704
3676
5279
9584
6579
3354
5182
3850
7548
3742
4209
3593
6525
9857
7159
7102
3342
2557
86
1746
279
9932
9163
8272
6328
1384
158
229
1896
9716
5531
3596
4081
3246
2795
1655
2648
9854
1792
7983
607
653
87
6409
1403
6086
4881
6845
2428
7553
9887
3836
988
7207
4119
4147
7838
6213
3108
7644
8010
6346
3107
2289
3973
1669
4324
9734
4524
6325
6995
5631
7431
7341
3702
6932
3510
1544
2234
2434
6222
2125
9465
5137
7053
2448
8496
891
9776
6247
9885
5482
4253
7281
5645
3152
8341
1318
6308
9980
1724
5131
7425
9658
9025
3417
8549
6712
7938
3539
1187
4425
8404
52
969
1057
3525
361
142
6585
8604
2174
2745
3129
5726
5623
5292
359
5889
7617
7786
3360
6658
8775
7662
8655
947
5983
3991
4932
5864
9087
6025
6637
3010
5612
4087
3709
9658
2872
2637
3314
9755
2361
9691
8492
2118
5943
601
5191
4152
4977
8164
4780
5102
2503
4354
6995
1416
5200
2342
8810
5095
6865
3694
7070
7601
1430
4025
8320
9233
8380
342
8097
8638
2380
6941
5476
4469
7619
5998
8858
2184
4083
4049
1791
2516
896
6047
1542
1036
4577
8764
6586
3950
8601
1662
5242
9805
3351
6369
7646
3508
864
16
3621
7882
3196
516
3932
5953
5221
9099
7151
4973
848
3343
7772
8413
8021
8100
3814
6185
2265
8776
9633
5752
7978
4378
9066
9538
3373
4106
6855
1492
4369
461
1301
4105
160
4832
7034
9015
3315
1714
2625
2721
3086
5299
7841
5092
8428
8382
2561
5007
7357
3533
1776
8740
2113
4094
3146
6923
8117
12
6513
6973
3276
6988
9030
6453
5170
1240
5567
2599
7972
4272
1826
9171
8341
1892
7786
5120
7905
8440
1399
5386
7394
8692
758
6416
1485
9737
2695
7167
3454
1116
6349
867
7187
3876
2015
8814
8438
5715
8914
6216
6146
6324
1902
8664
5440
2404
3066
154
6105
5414
8423
3613
1330
8713
6449
4205
3771
2044
2146
2049
9138
1963
1466
6583
6296
6509
7919
7099
1327
9750
6693
7946
2234
1777
8944
2583
6873
3998
7726
2529
7863
6196
8624
2209
8376
1101
6022
191
6985
1961
940
8266
5165
620
3043
2209
8955
8031
5835
6907
7643
6689
8254
59
4097
5438
2698
7584
984
1873
3507
5243
777
965
6890
4142
4278
7750
8314
9032
2452
14
1180
9202
8748
8566
8328
4917
7331
4978
1288
3845
4927
587
6673
5615
5746
8324
363
9976
3844
3643
4222
8517
9914
9748
4864
8946
7887
372
8010
1993
6426
7920
8702
8432
9129
7828
9017
3221
6556
5666
9284
7204
7310
526
7908
5885
1575
1395
1460
4919
9803
3671
6929
4744
1088
7037
7334
5975
3110
8544
5867
6142
7316
6098
5379
6185
1956
386
3346
1728
2479
9835
8236
9003
877
8909
5747
562
5756
1041
635
4436
1947
35
7907
446
7205
571
3995
1625
4435
6965
2636
6590
3592
7876
9392
1833
1491
8313
2294
8611
5455
2967
8127
8486
8623
2215
4450
1435
5034
5964
1532
4623
920
5804
2481
1765
442
2519
6550
3876
4113
3628
2710
6919
4222
1123
3285
4849
2131
3559
8627
9530
2962
3140
3333
5034
4726
7589
1616
2593
6508
4840
5224
7807
8962
613
2917
4817
4959
7008
9097
7826
7354
9272
4792
9813
4157
6514
3847
7391
5538
5712
3230
5066
9619
2970
6648
6291
1371
3221
1288
5311
2754
1337
8496
4694
7308
4675
3490
5091
9527
8599
4737
341
8911
2477
162
4733
5263
9146
1366
4346
4643
6586
4916
7951
6044
8691
9785
94
9999
9348
2311
4135
5427
6362
4650
5490
8737
65
6595
7297
7578
4368
4007
9644
4434
4146
6570
7383
5293
5720
6099
6221
3620
8356
4470
3568
7779
1409
5822
3602
2929
908
6593
9582
7368
2202
6233
5357
844
4891
2542
777
6799
7536
1886
9642
695
4572
4742
8746
7665
4606
2830
6420
2012
6298
8379
4504
6702
4147
5917
6492
9583
9878
22
4669
3053
7672
6287
623
5514
3494
7819
5060
1094
1491
9963
2696
3946
3204
8736
9664
5760
74
1983
2225
9157
4440
4081
3196
2876
9747
3832
7582
1710
5513
9464
8575
2583
1813
2716
8322
580
3036
9125
9986
8466
3136
2840
5312
6557
6271
1182
1842
6565
3272
9972
2106
3498
4002
4096
9887
8480
2691
4742
3436
3809
4387
3778
1816
8008
2782
6169
5000
3843
3358
4413
613
8518
1
3248
9043
1505
190
4447
7989
8663
8550
6978
3720
4166
5243
2287
795
6723
3284
2714
7395
8978
8144
4080
1053
7057
6654
7962
5511
7723
6831
1411
7485
3380
8352
2425
7985
2204
9458
8168
8160
7257
3662
3540
9512
7144
9401
6995
5108
5270
1559
3072
2957
494
927
8095
7145
8632
3243
1871
9041
7058
6220
8751
1676
9078
711
9322
5427
9999
9619
9445
8653
5574
8633
2102
2181
4649
4658
957
9116
6659
1707
7153
5394
4802
3972
8081
4725
5945
206
1425
3473
2719
6652
8188
5452
6316
5749
8314
6148
5035
1598
8560
6907
6607
9167
9779
4132
8201
4468
9453
2176
1263
3444
6558
1655
9472
2636
6791
8328
2301
2432
5484
7362
923
7554
229
8207
44
2898
6788
3842
2301
313
6398
5784
3260
5260
5009
3164
5809
4779
6570
3634
9152
505
8002
7409
2517
2828
7603
1474
5875
3975
3310
1376
4741
7960
2030
2636
5854
7754
1464
4605
7155
5842
8625
1351
3168
4914
486
4355
5768
1035
8614
9899
573
9996
6629
5319
754
9100
3578
2289
7055
4184
672
5576
8408
3307
7267
8923
6170
1251
8013
4154
2
8936
8074
9018
3979
2251
742
209
824
3126
2076
4839
305
4412
6812
8536
9689
9725
6556
6220
8371
7066
5566
5804
1609
3573
898
9262
925
9718
2192
9866
9242
8242
6785
7992
3707
575
3241
7288
124
8164
7103
6774
938
2328
283
9494
9466
3507
6706
4768
9993
7221
5158
941
3642
2631
1519
2905
1732
4053
1262
2556
3884
334
5606
5881
5741
9472
7586
5656
9207
4331
5761
547
8923
4284
7306
8926
1024
2143
1692
8251
9508
7302
5431
78
9859
7531
9113
3086
7015
9876
8685
5986
7758
3872
9269
4384
8918
15
5959
4349
2879
4455
4042
5521
1792
6995
9978
6157
1323
3569
1685
4017
7983
7828
1091
3313
7411
6721
3954
2213
3780
9130
5345
828
4635
5299
1534
492
1390
6688
9847
7347
8702
5296
3597
6522
781
4623
9354
3415
859
9552
6454
1658
2248
3626
9673
5251
3797
5315
3287
9160
7312
9098
4584
3310
9959
2275
5495
7699
6350
4369
4525
229
8546
4925
5256
3260
8449
5910
1481
199
13
4338
3313
916
1674
9339
4515
1695
1248
8343
3920
8025
5654
2774
802
1947
9416
6276
3686
2723
6302
1782
4512
6187
3152
1801
8669
9765
4109
7090
5756
189
5581
1737
6278
3651
9079
7933
4941
2813
8615
5134
4739
1981
2289
8646
1287
8528
5686
7623
6811
7790
44
5318
8480
5745
7757
3126
3405
5255
4596
6370
2999
8825
6899
3357
131
6580
9263
613
1863
8070
3962
7301
7029
1960
2100
3777
565
9094
8073
8467
5409
581
9029
6269
2130
9415
917
5280
802
7839
913
3709
5129
2892
6957
6294
6652
7030
8155
7317
8008
7917
3346
1295
8829
5564
787
3026
229
6515
1274
588
8134
6453
7849
4799
5400
452
7876
3119
4810
5107
8497
3651
828
9986
3666
1294
1100
5092
8277
9968
2271
1658
9453
2634
649
7689
7306
3180
8323
4831
3806
3428
1749
9292
4129
175
5371
1838
9126
4035
3234
3511
1826
4500
5281
1028
2146
6450
6615
2789
1246
6875
6347
833
2452
7781
174
9042
6568
8683
9984
2912
6246
6409
1921
1290
6764
3751
9085
8291
7191
8608
2837
862
7021
2648
2026
2968
6275
7609
4916
8093
5840
705
6307
3499
3698
8646
6634
4168
8954
9583
5686
93
6934
307
7653
2692
7295
2228
2641
5394
6816
9961
5974
7486
7712
5101
5797
1384
8493
2830
8178
7940
5940
5613
4250
6197
1392
605
1231
277
9739
4767
9806
3791
778
4084
9517
6142
861
8018
6012
9862
9723
9104
7584
5431
9243
6205
9973
3427
4266
9538
971
6369
6271
4409
3939
6234
1468
8019
2592
8441
8112
3462
9999
296
6804
7466
5600
8301
7701
2991
6763
3072
5401
3624
7822
8810
7363
7042
2251
9938
1507
3956
5023
395
3192
8889
9811
8649
6946
5907
5984
2952
9843
4936
9248
7442
1462
3326
1025
6514
7520
5805
3071
1133
1340
8724
9096
9981
6850
4698
4375
4935
4175
7675
6162
823
4708
9467
6462
5841
1601
2379
5943
6597
6259
526
855
9947
3658
5080
731
6598
6560
4499
6865
6867
6585
4117
7750
8535
445
3904
9054
2821
5521
2672
2526
4973
5397
3249
1412
2273
3342
2001
5727
1731
9648
5971
7548
4373
646
4379
7382
5523
5878
9703
7402
1971
8047
642
5546
6028
6153
9810
7434
6188
4362
8783
8057
4077
9754
4410
7057
9647
3084
4791
9091
6531
9697
4443
9732
4168
2683
4732
9160
562
4099
6118
6325
2779
4861
4162
8023
9055
3661
1635
9356
6030
3041
2698
6218
9581
621
6800
6415
649
4468
2794
6549
6754
9237
4469
4153
7353
6340
9664
6382
8827
7354
9406
6186
4529
42
1444
9509
3303
8867
4645
3115
7419
6420
8159
7520
4208
5273
5469
1722
704
3985
9257
323
1591
5738
6375
9613
1994
4406
5836
9735
5740
5077
4363
3258
6663
84
8979
1727
8370
6334
7635
5489
8169
6333
6350
5550
1432
9702
2322
1682
8492
7730
313
7924
3852
1792
4347
1656
2306
2072
6967
759
3071
4914
7549
2693
6590
4465
773
1209
8516
8406
4394
2256
4691
9747
3509
944
8178
6359
4822
9240
1172
3683
7324
2191
9949
7362
8222
7173
7681
4066
3508
6488
7639
4674
1614
6393
6285
7677
4022
2088
1558
3687
872
7103
7147
9274
3133
7067
3294
2493
4570
3785
994
9277
8079
8328
6551
9547
9819
3486
386
8920
4910
417
2852
3894
2747
3107
1770
6055
2871
9337
5567
4143
5661
6190
6743
6904
1239
813
4487
5450
12
7903
8499
4511
9665
1983
4993
7315
1832
4714
1591
4776
9266
745
5174
1302
6862
847
3981
6515
2216
4970
9726
7071
802
2505
6829
1458
7329
3225
2162
770
4005
4686
4745
2725
2116
4309
5579
5493
976
8098
1365
5099
1865
1512
8320
8980
5830
991
8418
9201
4526
1750
6242
2981
3077
2455
2184
6478
7640
249
3344
7486
9093
2249
969
5158
3272
4724
7686
8878
2643
9870
5888
4085
3922
1761
8364
2752
9828
2510
9069
1858
6618
7250
7830
456
1130
7835
1434
2270
6464
9781
7317
3217
6054
4212
2499
6760
8577
7378
7186
4104
5545
3921
5877
7029
5675
4720
9947
5259
218
4850
196
7313
7283
2200
183
2743
7556
6846
9575
8649
1797
2065
5676
7197
2752
8162
2590
180
2960
3825
1147
5331
2208
8716
5020
214
5061
3380
7436
2852
2964
6846
9196
14
9451
6233
3900
5104
7431
5160
5976
9767
9950
2416
1888
2722
6397
5936
1809
6997
6700
128
5308
6512
4784
4626
6558
2556
5971
8505
7110
818
3983
7141
6692
2113
6854
5947
1924
7969
2291
5948
4947
4368
4347
9657
2483
6484
5184
4084
3137
4994
2020
6321
5040
4534
2163
2101
4230
2064
2697
100
2258
6213
5855
163
9823
9823
3124
6208
1945
9477
9610
6449
2466
6204
4639
2993
1520
6827
3866
8913
5066
3733
2236
2812
7829
5556
6370
8259
9274
1969
3446
4832
7168
5294
3753
7316
8554
2549
2101
1681
5079
2861
5361
4637
277
514
8939
4328
6545
1004
1816
3561
7025
8720
5339
3623
2041
6557
954
6756
5312
7641
8923
9492
9189
6057
8809
3329
8442
763
798
7291
1382
5816
4373
1227
8663
9346
8786
6528
2145
8925
3156
1264
6545
4943
6408
6688
119
6611
9132
8234
1298
5485
6039
9369
4907
8448
3168
4353
5145
5978
4032
1443
8031
4147
1079
1814
1385
7305
9999
9319
4754
6302
7228
4004
3068
4670
1327
588
1852
9765
9174
9403
1082
4077
6565
476
1394
4982
2840
7907
3331
9213
5825
9271
5186
4868
6616
8608
8916
5244
6517
1858
4020
6179
2395
2632
1678
6312
3687
3136
4808
7396
7256
1502
1279
7941
7121
4962
4009
4569
3341
4672
2243
5237
8057
5284
8380
3273
7864
9869
2224
515
9729
3397
8640
375
3353
3982
5729
4644
7513
5623
2354
4298
4781
3096
5014
8340
5443
535
1245
1882
2357
1018
9107
1136
9033
8064
584
8111
3214
5309
6040
8386
7335
9311
9459
397
8315
2391
1906
6479
2567
2591
9081
3279
258
2426
8181
2779
8843
4003
4446
5263
2896
4714
7799
6556
8428
1631
2582
5287
4903
8584
2919
3017
5391
9090
149
4903
8910
6003
2142
5627
1676
1106
6691
8289
5148
7304
721
1896
7179
4712
5726
9380
347
9698
1611
1134
6601
4191
1742
887
485
6785
6851
1623
7585
9208
9
5751
9843
4218
5667
5888
7230
9791
3985
2898
6187
8656
7540
8260
5778
6205
6381
2721
2780
9978
75
4720
6146
3420
4204
9505
503
8593
5510
9069
5675
4248
3015
2189
2363
3165
8842
8067
9571
1504
3272
5658
9399
8848
1461
8270
5719
2072
7776
5224
8147
9159
4303
7512
2330
2435
7241
5817
9884
5856
8216
2434
5555
9112
9398
3831
8038
4794
4862
4552
5823
4701
4180
3283
2765
4484
445
4094
899
9756
9906
4615
6328
8611
9060
6589
4313
8810
2517
7775
8361
9640
4265
578
5570
1776
5680
9983
9793
3979
5631
831
9199
9608
7958
9562
145
4143
9939
807
1141
7405
6021
7915
6376
6134
1342
8811
1533
1109
1654
3721
6230
4633
7796
1484
7621
535
3088
2988
4110
8057
5288
4634
7588
7831
1772
158
3288
3342
2927
144
6517
7313
474
7134
9953
9496
3755
1997
7246
6136
7747
3217
244
6906
5827
1395
8907
9161
7892
4618
9544
7804
6101
8920
5516
1521
3054
9241
2482
3367
6006
6503
813
2775
5534
8858
3459
4607
5428
205
4935
6502
9221
6623
345
717
6246
2151
593
4396
622
2767
1405
2046
113
5029
4360
413
4325
7339
9759
9350
6802
8289
6604
446
7167
1522
6604
3495
2600
2924
4218
4215
7382
5087
7901
102
5784
1010
3290
5966
7143
6988
5292
1835
1366
4135
6918
375
2749
8319
4931
7062
4485
6559
2169
3167
2448
8046
1264
8068
6294
4957
5727
2598
3218
2996
14
9567
4423
5655
5714
6970
891
1299
6704
481
9372
4757
9638
5815
7788
1336
1560
4943
674
2227
468
8805
3171
3925
3761
4128
1337
3930
5791
5931
1254
1241
6160
9186
8643
6784
5451
7862
1784
7393
4353
9651
811
8504
4869
8521
8438
7595
8030
3404
8156
3381
3962
609
7531
4855
8710
4570
1151
4412
2230
4904
831
7360
3170
9937
6082
2142
5961
112
6928
9479
8810
9991
5542
5710
8955
505
9235
7398
1261
7693
53
5017
925
7166
1970
9901
9938
7609
7131
3841
5473
1992
7947
4530
3002
5187
2841
6151
2175
1019
2498
2088
1607
7547
1128
977
1849
6527
8130
7892
9347
1938
3249
2419
843
2090
7078
3946
3745
120
8207
690
639
1063
6377
3157
6310
9887
9301
3417
6196
1120
8150
4819
5709
6717
3337
847
3519
9801
4118
6618
7502
9981
120
1561
4869
8200
5527
98
9980
3538
5846
6256
9527
146
8420
8772
4526
2360
654
8500
1192
6964
1601
7307
2280
4887
5663
1453
6902
3055
555
3467
67
6733
4849
1333
143
9661
3489
2866
8010
3421
2498
2905
1391
7319
4066
6998
440
2161
6551
6591
3772
2036
8122
1742
7243
6462
227
9121
5473
6698
6319
9239
7801
8767
4308
6085
2155
3830
501
5819
6683
38
6530
9119
747
1410
7678
2113
7234
2068
4544
2641
7902
3211
4669
2917
810
1819
43
3847
5731
2850
8742
9456
5460
1150
7594
8354
3310
4809
8751
7319
3506
5149
6047
5120
2580
3890
328
1296
7869
1658
143
3528
960
6516
1063
2174
9747
2271
5969
3575
9360
8760
254
2532
5673
2142
1893
1412
4864
716
4792
8835
2657
303
5028
6111
8077
4018
7142
5261
5897
911
5102
2731
714
1990
6298
340
5933
2895
8567
107
804
6074
3452
5367
848
3425
8196
3526
3041
5116
5207
957
4634
4435
8701
392
8030
452
7202
3651
8367
6657
4421
1036
5193
3431
750
5960
1179
7650
2358
3822
1421
5256
126
628
2105
3968
7129
4141
554
2146
7386
792
6885
6324
1660
1673
6159
6528
4663
7605
2550
6745
3305
3432
7059
1401
4947
1777
9698
7623
3544
1396
6061
6069
9431
5221
2937
2082
759
1499
10000
7541
8511
7391
1184
420
4478
9672
6838
8955
4739
2929
9955
7255
3551
7002
7123
1347
1362
4870
7134
1285
5444
3604
9028
6328
8085
8582
5373
7120
9358
1394
5784
371
1682
4406
2480
2865
7383
8245
813
8404
1813
3269
9660
7363
3829
7730
6478
5985
4300
237
2575
5941
7232
5561
829
1835
5814
6666
7315
8876
6867
3288
2192
3632
5999
6090
2847
8154
449
1192
2028
125
1294
4625
4765
5819
9357
50
970
3916
1916
4152
1282
8785
7873
5730
8989
2277
8726
6863
5209
1259
4828
1426
8452
9933
1883
4635
2780
8433
9219
8829
9644
6192
4153
5667
4187
2605
4091
4042
2274
6550
2115
2813
6783
4296
4346
1406
9728
1418
9759
5199
1525
1668
6666
1349
7018
1015
1008
8574
6403
554
8605
9146
3218
671
2524
7684
7130
9742
5631
7185
8877
461
7830
8989
8272
8600
6032
3298
959
1387
9218
3902
5607
7249
9631
3501
2681
2568
8934
7179
6707
8379
7826
6953
1829
4342
1509
883
5280
9058
7694
6653
5522
6600
5329
6127
4312
8610
8986
531
9934
6784
4249
5260
1974
7552
4114
3599
7481
7999
9057
1114
6367
8891
932
9502
5683
2415
9542
2847
885
4481
561
9999
7266
5664
5352
3511
4128
984
7403
5197
1171
2833
4072
2467
1404
9205
7122
6469
1079
4798
7449
2291
9286
3334
4280
9011
3362
4197
836
9548
4628
4235
3754
4745
4513
9297
4849
1350
1613
8911
7919
1452
9120
6993
3510
1213
8588
4656
1099
88
9475
4057
7108
4997
8400
6886
9906
4894
8103
5123
1501
8555
8080
6654
7727
9663
7048
3264
6374
4209
2468
7346
2352
8174
6291
6579
516
7234
7705
5260
2333
634
416
4554
1137
4581
1651
9983
6753
3487
8849
5994
5436
7157
9850
126
5549
8038
1212
7791
7582
7486
161
1712
6145
5249
9494
2689
6276
1032
8801
4033
2954
227
5755
226
5693
2306
81
8277
9147
9673
7302
600
7156
3739
7584
9706
1968
7253
9650
5688
600
2932
4535
6480
3818
6468
4162
5140
6143
2085
5360
3545
5266
8739
9657
4817
5480
6947
3280
8141
5976
4760
8412
3234
1759
2718
3148
277
5988
2280
1675
9537
6712
3966
4778
5253
8994
4444
9313
7883
4298
3463
639
6719
3410
4257
6175
7154
7175
1072
2078
102
2146
4752
7231
9036
3809
8372
5069
4201
8423
2083
991
3894
5846
4701
2572
2370
1919
8253
8448
1468
7579
2842
2312
547
3325
8869
6059
963
9744
7627
302
615
8049
1025
3581
6859
6174
8300
1711
8533
9075
7492
980
1636
3144
6841
1335
8214
3586
1337
8499
9630
7654
8626
1462
1920
8888
7554
4707
4164
2556
4816
317
5054
8915
3020
5530
174
1120
208
4868
4522
839
6895
4870
3201
3179
4275
1930
425
6160
5926
3926
587
1803
1116
598
7976
7122
5995
8491
9858
4520
5475
1748
6492
6869
2377
7585
8784
3505
6566
9057
5001
6573
7799
2621
6377
608
3344
1299
6836
4226
9450
8012
8094
5592
10
959
7910
1361
3118
137
8445
9173
8146
846
2729
2181
1176
7666
9858
4196
1749
2074
2990
5146
1311
3985
3577
3439
2395
6532
1627
2165
6504
9309
2164
3478
2909
6362
5040
7497
2361
2398
6421
2313
2383
262
6373
1510
1427
6224
8752
8336
3601
7069
6370
6732
6646
6265
6075
1827
8393
9187
7420
6565
1702
6670
4729
5545
5109
3987
2438
8586
8999
759
1839
3409
8891
6349
783
7319
7200
4561
8792
2451
2901
8036
7201
7508
8996
8315
2223
8667
3560
7801
8049
4022
461
9373
1127
5283
3795
8991
1797
3726
7433
1738
2037
296
7948
6911
6822
2934
7748
2901
9672
6412
8105
3911
4921
518
7666
2203
2994
8152
4210
7654
513
4801
6309
1223
7341
7553
9044
9439
5313
4787
1345
800
2159
5627
7859
7089
2310
8807
5494
5225
1771
6369
119
653
6034
8704
3273
3112
3894
5319
7611
1944
9748
3363
5426
7568
1613
5755
2191
9629
9335
7846
6810
5915
4307
5909
8312
2395
8684
6174
6370
7893
4705
7638
4046
868
9652
3225
7910
3778
1020
9725
1666
5890
4394
6928
4248
9383
549
5588
3598
7710
6644
3347
3492
8287
2558
7442
3636
1882
2722
3232
244
3496
6578
7038
1372
8454
6278
6966
7000
1809
3891
101
2932
9815
3555
1834
3809
8495
5134
5043
6942
8024
8107
4595
6180
9677
9347
9810
7068
7911
8353
9856
9615
8848
2353
2098
7399
1874
4584
1002
1262
2157
5673
7261
5522
6834
4544
4636
9125
5967
8490
2166
3712
914
3600
7779
4486
556
7173
679
4913
9894
9362
3298
4404
4529
5785
8197
4449
2919
9423
5883
554
1803
9335
8884
4258
1088
6618
7998
2104
3471
6097
6802
5908
9281
8465
2669
8377
5180
8846
2311
6352
1565
7655
895
3268
2437
2048
4528
2513
4192
3569
9485
7238
1078
832
3483
7959
3910
7859
3286
5857
6200
6825
21
1001
3740
4496
4039
1700
3376
755
2599
1645
8107
9255
6576
7813
9741
1975
6636
6866
8934
9806
2495
7547
5216
6699
8713
281
2998
4904
7496
6946
9168
5780
4619
4578
2966
5677
2601
6580
2120
5447
6024
3403
6150
2880
3689
4928
2241
3259
4361
1700
960
4278
3998
4861
8440
8840
9744
5247
9715
1799
5112
6974
3154
5948
833
1914
7493
6930
7353
4832
7580
6584
6035
8103
6249
835
3816
2094
6174
2901
7865
7724
7755
5161
9657
7289
6751
8034
808
1543
9376
3430
6839
8311
4436
4309
1913
490
4886
8362
3145
4882
1863
9891
8296
8159
9157
1875
7323
2570
5587
1764
3116
9858
5312
3955
8446
1386
2285
8236
8508
9422
2030
8326
9010
6637
1842
3556
4356
9275
1781
7360
2482
6538
2250
6023
6853
5192
5146
2202
6194
5063
4262
8079
9673
962
2489
1712
9334
7018
6204
4050
8362
4161
5903
5973
8788
7977
3800
5969
7560
73
4991
6921
389
86
7547
3752
844
4825
4620
2873
858
5090
856
4158
9067
6322
376
9753
5773
2133
4474
5982
6462
3667
1382
6141
1016
4209
5747
6611
1962
782
9379
4617
2432
8054
4001
3728
8856
7775
1668
8071
190
9123
1442
5244
3270
1243
6456
586
1009
2931
2202
4155
3554
9974
7678
3925
3296
8651
7417
3503
1318
8728
4910
8538
7912
5157
5287
3594
965
9125
4562
3992
1312
3111
4380
9521
8205
2082
2577
7173
2308
8093
8059
3747
8357
5888
8296
7191
9917
644
5245
1322
4648
740
9540
9737
1551
5726
3622
4720
1400
7402
3922
7691
5019
7203
9551
9201
7491
8214
9813
5901
3748
516
6340
788
3139
3693
9763
3136
1999
15
6426
7119
2195
8766
9448
7358
9402
4893
5244
5762
1567
4416
9348
2071
7083
3013
6413
8151
7416
5727
2386
3128
4629
2109
4970
7429
5487
2738
1671
5082
638
6862
4889
1559
1895
1925
6707
6149
1666
818
8822
99
6882
7052
7591
5376
4093
5308
9679
3897
3035
7432
621
7630
7110
6755
3508
3092
6055
2597
915
3010
3683
1968
2539
5248
7939
9722
2779
8655
3668
3824
269
852
1792
7296
4832
8943
7138
9157
9348
7693
6595
5945
5914
3629
3864
9701
8882
4443
5346
7617
7645
2882
7100
3941
5569
6527
48
9516
486
3930
5885
352
9440
6295
6942
9392
4274
7351
855
9828
5709
2474
4594
1909
9056
5217
2049
4117
2200
1249
5108
6808
9842
7700
5827
4974
9702
1
4845
347
6752
8076
4003
5463
4771
6067
7016
9810
3052
1502
471
3183
6946
9664
7759
1023
2778
6389
2007
5975
2321
4167
3320
335
6083
5005
3816
4483
6249
6431
6266
3717
9612
5689
1641
2889
9056
2796
8910
8904
3986
1176
5585
492
5818
768
1269
5854
8865
1292
1151
2697
5427
5242
8529
8990
3536
1999
2321
9866
580
1444
6221
6027
6545
3047
2884
4477
7150
7604
9506
8467
2244
4353
9264
3723
9327
298
9567
2083
8781
634
9948
7664
2673
4371
2882
6745
6766
9118
1403
1690
4361
8501
5461
5687
2538
8517
9674
1314
4288
6287
1780
5295
7844
3977
8925
5636
9945
1566
8868
3290
1937
3679
8093
456
8536
9560
9800
1109
8411
3726
3982
274
1051
8354
9791
8913
5685
314
5893
6351
2471
4950
3219
7231
8832
1673
6503
3751
6496
2513
1231
1418
8320
3944
5318
2212
5135
9735
4196
6599
8617
7626
3221
998
9592
7062
2939
8988
3332
1423
912
7419
7399
6030
6097
4384
835
2523
5951
1406
9580
5953
9723
6462
8702
1441
5065
8395
1120
5278
7218
5986
941
8613
8570
9833
6822
8892
9592
5722
9594
9679
4429
2472
178
4654
5962
7632
4675
2704
5179
789
2281
3802
9355
6619
8992
8136
7783
559
1791
6892
7012
3424
35
1426
6413
7992
1592
9623
5836
4128
4277
1967
6165
4872
5363
2164
734
412
6868
3277
7569
6496
5475
2887
767
8813
3283
6457
722
265
5708
960
8720
7675
152
625
6496
6628
7791
6247
4972
87
9216
4554
6113
353
8168
2067
7129
6829
9306
4013
8330
3317
5386
5608
3331
6837
211
6042
3309
6684
6170
6523
1304
1285
8836
3856
2762
6374
6638
5833
4853
8793
3051
1227
1444
3679
3104
7115
3961
5422
5538
3182
8276
7614
9575
520
596
7844
9633
1174
3825
2726
6468
4285
4620
8301
6485
9338
3347
8099
5352
5744
9480
1542
933
4480
3516
3962
7501
5451
1748
926
8999
4089
6277
57
5911
6021
2047
7533
304
2389
6353
1173
227
9522
4686
6895
2923
8276
8887
4517
9774
5614
4906
3886
3720
5531
1976
1420
946
5720
7530
3858
8713
4148
3944
7985
6496
2441
5474
8117
890
221
8642
124
8219
7349
4872
3536
3660
9769
3499
3264
7949
8080
8064
5304
6968
501
2452
8854
8650
218
3951
281
8889
1938
6245
6296
6019
8452
7578
1937
8060
2049
4747
2756
6920
8319
2457
5908
4410
7388
8951
7365
9774
7805
9609
860
5522
5274
6425
6543
4480
9103
9167
2351
3406
42
4025
571
7629
4863
1899
5737
1707
8850
6861
7593
8377
4788
6687
3001
5752
4873
3067
915
9355
4000
7967
9634
4567
5801
8448
3153
2944
7634
729
8231
7505
7015
3397
5352
6534
8520
1410
6409
2989
4954
9579
3070
4339
5636
2750
4543
6896
9573
696
8493
1369
6503
9610
9201
6697
1522
6682
291
6312
2350
425
3171
8226
7090
2537
358
5628
3788
7252
7428
5037
8720
2168
4124
9479
8347
5212
1876
2302
8826
1733
7934
4510
9914
4666
1477
1081
7451
1540
777
7813
297
6168
6629
4535
5149
5716
3831
9356
5584
9005
6180
8520
1572
8204
8131
3604
3111
299
52
7070
748
2006
2913
6962
4155
5117
3626
5466
5240
7774
8136
3210
1385
6045
3114
6654
5183
2758
6343
3658
529
3445
8119
1956
7544
3847
1789
7381
9384
5781
3068
7153
1446
1484
382
8420
2540
3196
4690
2479
4986
9274
8194
1836
8634
929
3767
3619
4859
3455
8425
9425
5956
9766
3855
5057
6640
4252
2144
1650
7193
624
9193
5455
4905
9784
2066
8582
6631
7009
4006
9796
1
9437
3205
2239
6499
4604
8896
5995
5461
2790
804
6527
6151
5525
9251
2496
6551
4761
7693
4070
541
4912
5320
8552
8393
5526
2446
7035
3174
5183
5394
1723
4420
3757
759
226
2472
7766
8737
6318
3866
2661
7706
7064
2114
3327
6917
6583
8840
2202
3512
7941
968
5804
6942
2530
3442
3202
4580
1860
130
790
4623
4879
6103
5042
4087
6943
4971
4932
36
3741
6164
5525
1255
8016
8355
3289
628
4901
4576
3691
7905
2462
739
4266
44
2403
5169
9381
2180
4094
5343
4318
60
2149
8699
6103
6670
2779
3996
8259
2755
8188
4413
3189
4080
968
8525
8441
4942
7019
4507
8127
4245
9753
2073
8109
985
5760
5316
1081
5529
7714
6786
8456
7683
1274
2130
6462
8027
8758
1636
4792
2576
8361
2861
9086
6946
1480
1808
6848
7497
6510
4281
2064
4099
7470
2605
585
3484
8669
1411
1560
6413
7337
8358
7990
3857
6131
3774
8043
9897
8135
4223
4873
4185
5984
8183
1671
6490
7000
5524
7190
2597
1973
2581
5626
9658
4247
1751
5134
10
9448
9495
4245
1623
4716
445
7529
1056
412
8559
8
6676
8890
8152
6701
1299
1099
2067
9729
7226
4391
9951
1040
2372
5092
5891
4153
9653
2067
5027
9626
6045
8303
295
5302
1302
8602
8123
5835
9704
8830
4962
7156
6891
1849
6605
6491
913
580
6668
1026
6249
1968
4840
4023
3262
2908
3716
2164
4433
2321
1557
5246
8619
1522
2329
2833
3837
1993
3905
8793
1232
504
8308
3099
9159
2388
9338
30
930
3030
4640
3520
3044
8359
276
8026
1032
3876
62
523
8747
4361
6673
2272
8286
7246
7487
7134
2419
259
9594
5804
1932
7944
3527
9462
2262
4127
9440
1320
102
4548
795
2962
3151
6549
9203
6945
3271
3075
7493
9730
2833
8167
6563
4595
3487
8256
7327
7313
9910
5109
2703
5660
9421
862
5228
4375
3111
172
2838
6920
3275
9385
7979
6531
1621
5274
1336
7262
4136
8975
5920
770
2730
4050
4810
3674
210
4101
8721
6119
6249
2811
402
4064
984
3333
3518
252
80
3900
1825
5384
4287
6753
4243
7304
3353
3458
7153
908
5959
5589
1396
8001
843
6179
2568
7933
5498
7762
5869
5545
6532
277
8590
9575
9082
9133
5480
4028
2323
9950
5883
5362
3086
7537
2167
6583
4844
5925
9468
270
1217
6397
8298
9176
2378
9036
861
3645
3278
2363
5873
9911
9997
7403
8772
3884
5050
7595
9655
2025
2621
4716
6599
8774
8150
3215
4415
9590
4104
8090
103
2232
9858
1612
3171
555
9482
8165
1468
1396
6880
8627
913
5860
8480
6323
6853
1193
2028
5322
545
5531
2938
9669
6385
9045
6646
6088
6171
6489
9605
196
3111
9128
8073
7298
59
2662
6970
1358
7622
2271
756
8199
1983
127
7161
4201
8716
6765
6047
864
7872
663
4098
6766
2536
6570
3004
6104
2093
5846
897
2806
5538
1904
4064
9179
8276
565
1725
3751
6082
675
3526
1235
6938
8497
5947
4871
127
6559
1021
6902
3252
7064
6089
1546
1638
8928
4450
8881
4667
5821
3132
2785
4423
4704
9774
2895
2786
6233
2092
3104
878
9021
150
5853
4730
7871
1604
3146
6858
9848
3459
9948
7988
6989
7371
4008
8894
7170
6524
8478
6354
9300
4716
1674
5139
5936
6029
2765
1500
1272
8938
4898
7476
2586
6191
77
5243
3280
2545
4193
2132
2600
6948
8591
1074
340
7996
6188
1660
1642
3128
3719
7607
5567
8271
3819
2048
5126
8510
6574
3146
9170
569
4201
1026
3087
747
5466
3773
973
1835
7744
2842
901
4430
349
3690
803
8977
4821
3847
5913
3753
6724
3653
2156
7037
4629
5734
7558
9627
1525
9289
2817
4035
9091
1416
6892
7931
5634
9518
3889
6373
190
8238
4147
2816
2667
3979
425
2422
783
3219
5916
9449
2121
4976
6368
1217
6078
7912
6312
3420
4530
9636
9690
4194
5650
1362
3755
5041
9264
5243
9411
5208
2200
8940
4608
427
7224
5376
5501
8511
4525
401
1361
8397
901
8359
534
5311
4617
8483
1390
4254
650
341
577
7600
9659
3918
2715
6111
2750
7101
5845
6427
6977
6376
7856
1467
8041
8439
9395
4241
7984
1531
4013
3635
1435
4331
9448
9550
7148
6817
2572
1626
5008
5822
1049
2191
7119
6000
3975
1659
8391
4154
7781
4390
4519
7851
2817
7647
3355
9895
7209
2404
8916
1348
1200
8531
3825
2535
1701
3841
3769
1293
6125
6904
7670
9601
2955
1573
6036
5816
5
3591
1487
6307
7473
3189
2033
8843
3000
4464
9151
9107
3282
3050
4263
5520
3852
2721
9933
2546
2226
5501
4814
5861
4044
2920
3556
7580
1997
1892
288
3238
9436
3342
2174
9391
435
830
2530
2307
5264
6019
1125
6826
8820
9764
2932
5347
9008
7667
2470
259
2257
835
244
9237
3613
4762
9796
6014
598
6880
3529
8465
9655
996
9680
9618
657
5382
2689
3792
8415
9156
5251
3455
7989
4533
5914
3580
7915
4171
7067
2676
1618
4277
1144
7198
8771
9058
3448
1648
5853
563
5292
6084
9848
8555
6508
1642
4239
2854
3067
8756
1317
2862
6044
4199
5145
3022
464
9205
1205
9175
6694
6520
5193
2012
6427
8810
9893
1530
5334
5511
8775
7558
3438
2768
5070
6377
2617
9622
9941
6958
9545
7355
7102
7482
6240
9113
3850
8904
6318
5548
2231
3676
8080
4147
6705
1514
7213
2602
1830
9720
694
6783
5378
6327
8743
2452
235
6099
9992
3197
2799
3166
8917
8660
9076
7328
1304
1346
8019
6972
3252
1158
1265
6596
4179
6740
609
5627
5609
3931
988
3819
4523
7070
9926
7082
7800
3861
9291
7346
5834
4088
7555
4854
7700
7137
117
4212
6402
4107
4742
2936
5552
8663
4109
1129
5049
2290
1956
7223
2905
9163
751
5548
4433
8898
9061
7122
3118
6393
8609
4426
3990
4611
208
6140
4948
2727
2446
2394
7091
2846
5124
6049
9896
1721
8595
8078
4555
5681
1911
3375
3568
2312
9755
557
1047
5019
3878
2340
7139
8213
1169
2699
8145
3759
3863
71
9728
2737
1357
6171
9073
7696
5624
1458
8258
2882
2485
3578
3037
5619
1693
9970
7565
1283
80
3745
8400
7556
427
8521
8904
4967
4502
4303
5923
94
9829
8643
5712
4474
1017
9478
8464
8602
9872
7327
4842
7742
4078
7072
918
9548
114
5295
7110
8550
8472
3773
3945
7113
4001
1793
7495
1648
7867
6169
4900
6180
6774
7329
8317
5464
3932
5607
6022
3448
2728
7269
9931
7739
7038
3528
187
8228
4511
4132
2905
5767
1638
3367
280
8800
4072
5961
9137
1529
8674
2357
1237
9798
2745
4580
4008
4160
280
2660
7617
3035
4240
6023
8485
7100
3049
4581
5287
8941
6603
802
7950
9019
9408
4998
9568
7955
3433
5483
6956
4767
3497
6388
9647
738
1242
5110
5467
1736
4278
8328
8327
6176
8949
148
4630
433
8642
6902
792
8764
4838
8142
2361
362
5157
542
4686
5270
5704
2687
3590
5194
4495
7873
4354
5283
1660
8183
2029
9938
4690
1093
4277
610
307
7944
250
3801
762
5947
5825
6716
5862
3881
7040
4837
3278
2384
7176
3190
6833
6332
1042
2516
716
5400
7470
5841
5892
3779
4535
7645
4261
7213
6732
8414
1017
505
655
6078
7130
2685
4781
574
8130
579
5043
1775
7026
9160
608
5982
4262
7661
6774
9173
5738
8638
4356
2672
7388
9668
1988
7242
9101
5949
7390
4292
9337
8421
3023
2140
4312
8124
7675
3769
4308
7131
8257
4617
7823
8469
3496
4895
6284
4464
1367
5121
8213
919
7000
3722
5337
2860
9553
1585
3008
3131
7031
6124
3908
6021
7945
9587
3780
6489
3311
6053
5901
4761
7358
9939
3971
2483
4794
8145
3207
5248
7674
2463
4052
3622
9176
5893
5228
9917
2213
536
5000
5927
1426
8686
5554
3716
433
9209
2808
7200
9
7206
5995
7733
2026
2786
9058
3861
814
630
2266
4136
9306
1305
7709
6065
6207
5855
585
4982
4377
4472
4987
6633
1535
4051
2432
822
3228
5939
9412
1066
2880
6187
7329
9077
2494
334
6328
3075
2921
3558
8998
9604
8019
565
7217
3534
1078
5000
125
1860
7701
8921
3450
1571
3676
5205
5430
8823
6864
2818
3635
1234
772
8502
6284
4849
5551
7384
2440
726
3437
6911
425
9958
9721
6285
691
2799
1500
919
1185
8707
2486
7527
5934
7179
1179
8998
682
4140
1081
7242
2574
3059
8780
7866
5763
344
2892
5489
5692
2797
1672
1535
9148
6947
7280
100
4129
152
4952
6597
1008
9691
3389
5282
5501
9811
1878
6533
5017
2877
8386
7051
2768
4286
9232
3648
9874
4365
7871
2471
12
4517
1506
6973
1773
1888
7394
5947
9650
3477
9968
7424
5446
2783
5895
2025
5339
6862
9388
113
5363
2207
725
536
9319
7314
4257
9714
2206
4554
3810
3124
7736
3327
3123
5858
1636
5264
4894
6518
5946
6246
9206
8054
5482
2391
9205
5900
765
4538
8815
8007
514
6221
3703
5186
3875
6712
4046
5416
3467
7127
3959
1495
9343
1162
3179
8468
948
3248
8091
2229
6818
7275
5790
6041
1756
6349
8386
1755
9382
7008
896
4468
1929
166
1348
1636
8919
1020
7103
107
4446
2291
6695
6796
5283
6638
1669
9012
3253
8819
3315
3488
196
154
2394
2370
8395
3153
3113
5210
6267
1305
1589
476
6412
3095
4543
8958
9069
4448
1939
1832
8463
5371
5599
5174
5319
628
4593
9523
6562
9757
7011
8763
6900
8435
9112
5466
1940
7699
8902
3499
1476
8157
8058
6150
1344
4722
9246
6089
4864
6008
1416
8729
7210
9615
7464
1260
8461
6648
5590
4744
9314
1307
3776
2689
1485
1317
2237
2872
2712
7227
7525
668
1763
6789
3205
1015
6363
3925
2322
5593
2645
6440
1420
9201
102
2951
8527
1096
6672
4554
5353
8860
3796
9078
2019
5833
1834
6455
1833
7246
7492
5512
1797
2570
7847
791
9709
2492
1714
5678
8451
1063
5366
3384
4456
898
3868
8428
6875
8479
1305
2003
1068
9683
9171
5282
6053
7211
7234
126
2762
9401
4167
3626
1206
5467
9960
2556
3916
4737
4764
7399
8600
949
3097
764
172
6669
9085
7066
6576
4762
8479
7939
7977
9023
4183
4823
6436
184
3473
6614
8706
3867
557
8966
6850
1897
7847
4117
6090
3766
3244
1381
4449
2234
3319
8590
1158
1254
5162
9173
3973
4371
9109
692
3508
6004
1318
6731
7780
5141
2795
1151
7168
533
5069
8251
6588
2576
5172
1863
1022
6873
9373
1711
1020
8602
9092
4157
4656
6195
8885
9102
5675
1576
6955
8037
5766
6431
1754
8197
9215
7276
3913
27
4640
7855
1900
1935
5909
1779
8269
5812
3202
776
429
1671
968
7509
5205
8147
1767
5897
4290
3877
2547
2923
9959
4626
1297
8644
9041
5210
8205
2922
764
5798
553
7579
2905
8224
3300
6373
4806
3787
4645
1350
5479
6468
9278
4465
5004
6919
6236
7648
3352
3806
4944
1830
9942
5672
2248
1824
5704
1794
413
4045
6018
2856
2247
622
358
4902
3940
6590
8628
5962
6547
8155
9890
1918
2254
5909
4075
4438
1129
7976
3898
837
8798
8307
9624
7246
5209
4647
8388
3344
9313
9567
2612
3417
2046
9812
2753
8748
5493
285
915
7288
1830
5048
8703
6780
8006
5520
4911
3302
6809
8827
7913
8301
8622
5776
7209
3199
2153
1055
4938
2287
9095
6460
9088
6228
9299
1942
7391
5627
2733
2585
5957
8539
9082
2320
1504
5490
8191
1388
9860
1799
7133
1032
9956
4963
7725
3787
5209
5624
394
9913
2283
4577
934
9043
4808
3136
5149
1953
17
3156
8709
10000
2110
7640
7592
4751
4597
7754
4352
954
1937
299
9996
9951
1237
3185
8005
5891
337
6487
439
2737
7355
7240
3230
989
3743
3276
9478
6593
6700
6516
6368
3239
5974
7835
3790
3060
8083
1430
3674
379
5526
2376
4383
313
9732
1132
4433
3550
3303
9365
8110
3308
6203
7029
7822
8837
1069
9947
4968
3214
5415
5714
3427
1941
6479
6016
2016
4522
7011
6587
335
798
5825
3623
7015
2165
6799
4947
3110
7925
8114
8072
9787
6221
9149
736
3393
6630
1484
2627
4068
2270
6563
9289
1054
7584
9355
1150
9190
6967
615
4468
9429
2774
3608
1947
3219
8694
4657
5947
7120
7080
5963
4150
4622
4700
6145
3835
1144
7797
1700
2672
1753
2049
6173
794
7588
397
8078
9863
2016
8306
9843
8372
1410
3055
6182
7004
6370
5612
4611
5649
7988
9186
3754
4361
7942
8848
4908
4255
5046
2332
9654
2429
8095
4871
7311
2837
6274
7042
2719
4560
4747
822
7965
3816
8465
6451
9423
6786
5219
692
1993
673
5172
2045
4556
5387
1052
182
3044
8369
572
2002
4841
8549
843
1789
6361
7389
9140
6670
7715
1324
8951
9211
6898
9128
1958
9035
9106
2925
756
8189
2547
8335
8564
5788
3968
2378
6780
6633
7350
5646
5016
3307
884
9064
6855
2216
1417
4026
607
5367
1099
1105
1378
1229
6028
8832
671
8968
7451
8237
200
1496
8894
4737
3604
997
8533
4581
5364
8523
204
5779
8616
7702
9260
4907
8881
6110
3829
4314
2836
5582
4134
8548
1948
4199
4230
6960
4800
9883
7210
1987
6252
5140
5538
8506
6326
7467
4946
4707
5364
1319
3472
9040
114
1222
5087
8657
6329
1623
856
4174
8104
5176
4128
7541
3875
3816
3138
6630
6577
2295
3154
5151
8172
9583
3725
2501
7500
6679
5491
8671
1202
8944
2455
434
6498
1544
827
7760
9684
4925
6195
3163
5216
4400
9282
4369
8736
7064
4680
9312
4876
8588
8704
9513
642
3854
7647
1889
484
1123
1239
8234
91
9137
5419
5067
1710
3989
6870
115
2941
3853
9237
707
7351
1019
2835
2521
256
1680
9331
5792
8918
4267
8487
5086
1567
9004
706
3674
8030
5905
8760
4914
9942
8996
1716
2115
6103
5070
3840
9908
8413
9335
1279
2638
5574
8454
1614
7674
4744
1795
2079
7052
82
6975
5826
1834
5053
5944
3706
5959
2556
4543
6955
1476
6790
7120
7936
2731
341
9776
6942
2073
8468
1857
1087
5914
8881
7537
5696
7983
7019
519
9147
2336
7630
3460
5418
1924
516
9285
5450
8004
1685
6266
5972
7199
8588
1356
2166
6300
7671
5067
1904
8501
4707
7650
1900
2903
8201
4568
5495
1530
4986
9463
8497
253
1736
2862
2826
4889
5956
2840
9978
8338
4233
5308
97
2294
5369
4935
7274
5604
8071
5180
2669
5182
2711
2315
8484
4277
3161
6331
642
6263
2018
2144
4276
508
6763
9362
6232
202
2927
6217
7044
4529
1514
2578
5687
4936
5311
7841
5806
9515
968
6561
6017
1332
2703
2837
3108
6257
4418
2659
4604
4960
1768
3624
2646
8408
873
8614
4596
2811
2827
4841
4764
1155
7037
4384
1356
9830
5083
2019
8976
9352
6302
9300
8740
5954
2919
6590
1100
123
2369
2673
1407
3346
4773
2280
5622
1706
8581
7998
4203
4665
5379
1105
7315
3015
5682
7496
4427
9976
2134
1656
3669
1028
1063
4193
9693
8566
2025
5571
2712
348
4135
387
4511
4728
1144
940
1009
4548
9007
4664
5660
3520
6498
6866
843
5680
3266
7789
646
5112
5603
6844
734
9595
4532
1372
9654
3297
6431
5033
4765
1957
3031
5166
8883
6630
5027
4921
9440
7626
3071
2651
6431
9531
3229
1709
2466
4671
4963
7703
4860
102
3780
4034
881
2287
3910
1719
8704
832
6769
7156
7124
3519
6919
2836
757
2362
3763
9783
7500
442
284
4010
9031
4249
5278
8765
5688
9749
5996
4329
7870
5377
7808
8186
6223
2252
89
4213
7713
6602
9356
2041
7425
4411
5572
5210
2276
9603
918
2820
9677
3031
4682
7234
130
6252
7616
5100
9519
5142
3862
2729
9607
2553
663
10000
1199
8318
8586
610
7860
4833
9360
3096
9030
8624
9640
2903
9287
2603
8744
5121
4574
6631
1137
7415
7824
7338
7161
5191
4791
6333
8015
4212
9573
8902
6987
309
112
20
8856
491
8174
8013
9786
7800
7867
4680
6079
2463
1544
9690
6801
1835
9745
5433
4803
7693
7881
2792
6351
8440
862
9299
5603
6958
7469
4030
8175
5163
6524
4384
2489
733
164
435
694
3675
3714
3586
2698
2521
9377
2030
486
5995
6382
3722
1811
6187
1514
5203
7454
1823
3970
5890
448
490
1403
2167
4640
7823
4919
7922
2136
5564
5093
5465
4032
557
1502
1421
9359
4891
1038
8316
5850
9774
6237
7788
9644
9549
3033
654
1284
7489
7528
5139
3245
9342
8595
1885
8364
765
2563
8848
1001
9719
6509
6188
2812
9936
4166
5549
1710
7246
94
5264
419
7326
2607
8524
3667
5613
9507
1972
1485
6635
4075
5291
4186
5681
4135
7131
6206
367
8906
1946
2789
3736
1196
2081
7759
5676
1620
7704
4658
7561
9163
387
1921
1475
604
6758
8229
6164
5238
9107
2777
8331
8252
6708
3491
2694
2365
4995
6314
9002
4480
7951
9435
8876
5393
3383
5661
5756
6545
2295
2147
3734
3737
1261
523
2952
7281
238
9572
4665
7764
6090
5773
1048
2076
2038
904
8393
4013
6393
4663
2316
2728
5970
8132
1568
390
2583
6545
1410
3329
9228
6867
3225
1229
776
6684
5619
328
4805
9320
6059
6100
5263
9520
5303
9205
9945
1860
827
3032
6824
4538
401
2329
5754
3687
3976
761
7539
5270
8120
9293
7942
8047
766
3736
3170
2015
7785
6507
2164
3021
2850
8164
7291
6446
1573
258
9904
6235
255
7856
9933
5035
6295
8231
7908
1258
1495
5008
9525
2548
1252
9285
180
6784
5987
2426
794
3463
5863
2372
9771
856
8074
6865
3017
6444
4626
9006
8701
4068
1360
2124
4738
6050
5653
3614
6819
9656
6936
7084
8190
7108
8787
6625
6174
7340
223
7194
3831
1914
4861
6019
3638
5661
2639
7368
9288
5081
2207
8361
1619
9575
6554
1592
8435
4712
5650
8731
1977
3751
3365
4036
2760
2357
9511
1258
3112
4995
6052
8981
536
2188
2912
322
873
2508
3372
7144
8483
5853
8104
9243
3396
6632
4034
5100
6052
973
245
958
3629
8407
873
6844
3114
670
535
4554
8713
2656
9766
7770
9191
6012
8831
5387
7798
9663
4207
9033
7637
2411
3169
7620
7900
3625
6322
3110
8670
8465
8487
4919
7269
1933
9356
8961
6186
6693
3108
9071
3491
4398
9198
8049
2059
1430
5336
3770
6433
2778
384
316
2980
6629
1694
1580
759
5422
3600
8807
8270
4989
4733
9088
8909
8094
6769
8954
4470
8211
414
6825
8086
8758
5440
3240
4050
7330
2765
3714
3258
7374
1362
8092
3935
6144
7621
2981
8227
1352
8636
2036
449
4424
4417
7784
181
639
8847
299
7691
9187
3010
7309
3707
8369
7774
6286
9932
4371
2120
1835
300
1721
9853
759
7867
9124
9399
7159
1323
7730
4400
1970
868
3679
9036
5258
6238
8239
9414
5583
3675
374
290
7882
7412
1762
4903
6968
4688
5808
9352
9113
9960
4149
5402
6229
9856
8506
1385
963
7962
1177
9490
3685
605
2714
8908
6258
4422
2666
5938
5508
5793
8544
108
4391
3635
8791
482
9766
41
154
9793
9557
571
6721
7679
241
7566
6515
4605
6806
5278
4070
9918
4011
5799
844
9854
5157
5696
3897
5850
635
2725
5305
515
3462
4109
3746
6680
9434
520
4733
5782
4812
6331
4037
7826
6403
6585
3432
8181
9901
4915
1412
5454
7611
4577
891
1221
8912
4710
2777
3461
4777
23
8967
8275
5631
6299
5562
6153
667
5055
9772
1590
8475
4006
8072
6701
6089
3891
8517
1825
2075
9427
9170
2366
5630
9254
8525
5702
966
5224
1203
1088
465
5847
7664
4378
1810
4212
4478
7646
6135
1661
344
8617
2058
2017
7106
8489
122
7339
4432
9079
3085
791
7506
7061
8991
6243
1317
5746
2142
9813
1450
8740
8760
8485
1350
2070
5209
6578
2
1306
1313
6860
9727
8602
682
3606
4350
5437
3506
6494
6298
9028
4052
9796
4349
8796
2545
5784
7951
483
2879
7263
3347
3135
8901
5264
2229
2955
3306
8576
2435
5051
3094
4772
7680
9123
3739
7787
1761
8813
3053
6668
3416
8556
3402
9588
5432
6440
8103
6550
9578
7422
3814
8291
9014
6541
7246
2500
274
2946
2498
1468
7578
8814
8328
8256
9481
1925
5445
3507
1490
6907
9506
2032
3693
4092
6120
2770
4311
9865
9958
2992
5693
8154
3949
2161
3097
6221
5056
4943
6726
2778
5895
4548
6767
5720
9734
2230
8474
9137
8556
3698
6532
4878
5062
4641
4514
2326
335
5352
2961
647
8598
3096
5255
390
7603
2174
6109
8221
7584
5354
7901
6924
1060
7728
1995
5281
9876
3509
2720
2267
8021
7000
7737
2146
3397
3675
3250
6993
3242
7349
4432
8043
4328
9388
4522
9136
180
5261
8625
4802
7126
4914
5651
3420
8015
4727
2692
352
2917
6341
576
5098
1953
7715
7616
3436
5847
3175
850
7182
5424
4964
3779
1155
8815
7169
9626
4868
5125
831
7555
1890
2966
3879
7542
1075
5081
280
6793
7454
9821
9293
4322
4590
6237
8207
1350
8161
114
4723
9330
6931
5797
6016
611
3757
873
2348
5614
5707
6012
4030
9394
266
5105
7466
4354
7753
8633
1385
1385
4708
4077
4277
3051
4043
980
6130
8403
7179
7462
7037
8982
4277
7932
2272
1912
690
1897
7366
2581
4070
219
4170
2809
7552
2560
4153
1290
5446
9807
9250
4310
5234
1384
7869
6724
9767
9088
6078
3505
8352
6579
802
8939
4439
7924
4469
92
9459
6298
1328
2555
9086
6231
4430
6214
2029
3689
9698
4764
2267
2780
6264
1434
5291
1297
8715
2796
6932
9298
2618
124
8938
7719
5912
9470
6919
1697
5690
9216
7274
4718
3935
1106
1038
2540
189
9355
6802
8505
1285
7755
8156
9016
6019
2974
3745
7099
9559
9496
1909
2431
5971
1050
1980
917
8153
5545
9319
2548
269
3286
7703
3541
4438
8307
2668
4323
3747
6132
9603
3415
849
7716
6507
835
947
2626
9671
8081
1048
8510
7148
8906
4767
348
1910
7967
6352
8132
554
9027
8997
2475
5398
4083
419
7194
3862
2896
2405
8022
926
5485
7129
4407
4703
1982
1738
5805
2807
9103
5284
7360
7483
5418
4018
5664
8078
294
8082
3760
2174
4434
2283
1564
6107
2408
6597
5242
3389
4555
9462
5580
7955
5334
9094
9284
5954
2679
5466
5443
5842
1929
381
8387
5102
1800
6778
9530
9844
2293
407
9815
7465
3724
8886
3462
5288
7376
4534
7239
7703
6393
448
3061
119
4907
910
3904
715
1086
8524
6714
4018
2996
1774
9783
9929
6916
7361
7886
6603
7968
346
3392
4308
6900
6314
8014
4640
3920
1150
797
9114
9940
9137
9613
2476
8183
3187
171
682
6763
2846
1742
8100
3781
4952
6245
6960
5364
570
6961
6731
7478
5294
7692
7368
2294
1979
3690
4093
6858
6328
1459
3006
7081
3249
6880
9837
5988
740
1622
3813
7404
1887
4616
5599
5731
3641
8526
3186
3628
223
3874
4680
7138
4450
7948
1710
9194
2199
8567
8488
9186
6614
3713
2710
1169
9858
4214
6471
45
4014
8143
1681
1198
5930
2643
9765
2613
6301
9494
7523
8453
2494
1039
5143
1720
4439
7204
28
1801
6538
1557
5117
2003
8337
6210
6378
3277
802
9908
4281
368
7580
1176
6381
5483
3672
6826
221
5408
7611
7703
7872
5848
2204
5612
1872
7030
6815
4097
3561
3979
4819
711
2734
6843
7888
1591
2762
8686
7739
3133
3501
2852
1395
6849
6700
3732
8829
6956
2869
1561
8388
1479
1578
4324
5906
914
9411
1485
2737
9890
8969
8287
6970
4332
4334
5181
5434
204
8799
9642
6619
1286
5451
1074
6210
3659
7296
5071
7909
483
8258
7522
3084
2112
2165
3651
6015
3817
3032
6962
1618
768
3091
6699
5123
441
2600
6186
4129
4399
6428
3106
6241
992
6800
9650
3152
5254
4014
197
8174
6814
6147
4467
1479
5845
1173
31
5209
5258
2348
6954
944
5258
8362
5678
6248
9537
5989
497
7111
605
4692
2517
7543
2816
4624
4435
1373
2920
8788
8237
1709
5660
2577
8943
8552
983
3019
1426
781
2457
6999
5592
6623
882
6654
3390
8797
4354
9735
2864
5591
4711
4163
7217
1253
1654
7160
9138
2667
2678
6008
8533
4814
7014
6726
5115
2894
6763
3115
8620
8045
6310
7754
7548
8619
793
7674
6168
7857
5414
9305
2013
997
1458
9403
7428
2113
785
2541
535
2052
1143
1293
6721
1424
2429
9958
9833
7165
5278
8870
5045
2625
6154
4204
8810
1866
1693
7200
7522
409
866
5
655
4430
3131
4276
3516
5795
3246
5054
5773
7831
4821
2926
1160
909
4496
3732
1848
8103
3535
925
8098
2814
9574
8466
7342
7351
7365
428
1095
7957
9762
4778
9572
5793
6652
8437
8627
6106
2585
8703
3253
1250
1293
1475
2785
6285
3705
2115
6196
4418
9472
4714
6220
3389
8540
2491
490
8597
5786
8273
9178
9151
8975
3333
8349
9503
236
3622
4629
7112
1079
6513
3246
2783
3344
7154
4704
563
3838
1200
3439
8695
3821
2760
742
5573
2002
7743
1648
2729
1198
7621
6900
1461
3819
4061
1779
1318
4206
6198
4200
7116
1508
5500
1868
7071
7489
6426
2230
5913
6874
8203
7277
1827
5881
4767
3186
9723
8989
7013
9686
5758
4446
2309
873
4140
956
2984
6163
1085
6761
9699
7633
9835
7200
8817
8765
3549
545
9955
3518
6055
5075
9571
9129
7858
8658
9670
1313
9716
1065
2537
1688
1440
418
7711
43
8199
5993
9732
4476
6194
6672
8977
1194
2343
2623
5398
1752
6154
3660
154
1824
1187
7344
4168
5405
2230
9564
7514
4011
5002
4894
316
3799
3209
6090
8968
4034
4857
5838
5900
318
5418
8542
5783
8625
8792
9229
7121
7293
8556
1306
7484
233
9616
4982
7362
2381
464
880
3943
6217
3548
3822
281
9802
5823
2562
8091
7822
5188
6737
6644
7650
3836
4288
1536
8951
5440
9089
7155
7615
8481
6241
9173
5573
2867
9774
9094
1114
5244
2589
9379
9011
7859
7001
5067
9193
5159
4382
3978
2763
7680
2857
889
469
837
1845
4326
3480
368
2995
3606
9019
5951
235
4122
7380
9269
8341
2993
9179
3170
2649
4874
4979
1266
4485
6726
2398
6753
1745
9129
5412
3451
3437
9750
4971
5822
1226
61
3866
5129
5700
4851
9092
9634
823
9185
5042
8906
670
8251
2120
5756
1186
3361
1341
176
9043
1145
5010
3132
8115
9040
3562
5081
5816
1053
4699
6744
2095
2743
936
8999
4958
6893
1641
3171
9336
1756
4615
4521
9718
7738
7593
6565
3440
7558
7455
415
5327
4222
115
9536
872
6504
2772
2241
4652
9625
5629
3735
6538
2850
3700
4866
9173
887
9834
3813
1415
2992
9704
202
3229
2070
9691
1135
9815
643
5811
885
2491
5510
4425
9767
1334
9982
9364
4138
8805
840
1157
859
4629
1532
8809
8636
2664
5925
2384
6985
2434
7358
1698
2879
1027
3663
527
6812
6497
5449
4599
5269
7020
1066
1612
6733
2576
4281
3569
4802
4338
358
9812
5586
5462
3616
5295
5201
7007
6159
5372
4734
6462
6885
6320
914
3043
2048
9186
4408
1340
4139
9548
8249
1488
8273
9524
4699
9668
7235
3489
6728
3119
1
4086
9662
8853
9598
6547
6549
9556
5456
8629
6125
1267
5693
7976
6952
722
2550
2173
6606
4962
2063
716
3777
5455
371
6929
6672
1404
6949
4328
3896
4075
4360
1467
970
7317
8638
8729
6830
4491
1331
7751
8786
5153
5760
7797
7888
2940
8189
3395
7561
9563
4952
8224
5341
8140
1659
5629
4867
5061
9465
5433
6467
791
820
409
9801
7400
9602
1430
9756
5012
3118
3682
2589
1010
1508
8840
3936
8218
4200
9507
8659
440
8620
1334
4879
5137
4301
4447
244
6429
6008
1437
2086
1374
84
1567
2827
2257
773
2744
3543
7553
4743
4814
1450
294
3200
6532
2367
7242
6425
3891
881
7682
676
3377
9164
3559
1303
959
9806
3025
8252
9707
2205
380
61
2050
8869
5922
6610
4905
9034
2249
6083
880
543
7561
7041
5515
5460
5441
5868
548
9909
5002
7798
6054
7761
4736
9278
1293
8509
9924
6824
8534
6228
4768
9281
7341
8081
7769
200
9756
4169
6613
2239
3718
8018
2810
1342
9788
8247
6284
7111
7518
4925
9919
3625
4010
227
1980
8155
9940
7231
2074
386
1947
2571
5219
8069
1596
1541
5042
4499
4148
9788
2623
6284
3204
1299
62
9693
7156
7044
2242
107
6239
8369
6257
837
5518
1432
8381
4927
5152
6159
8957
5420
7790
4643
6071
6222
4814
4838
5124
4728
4707
648
4488
8811
4065
1462
7206
9858
1618
347
2789
8136
579
7298
3171
7580
9267
4567
5311
9005
7510
8617
4108
609
7235
3047
7979
6405
5616
196
9782
9556
2418
6705
1406
3290
9650
5098
1702
5059
1132
4449
9433
3972
9156
460
2826
3260
5320
2844
8102
1575
6377
8663
3434
9826
4211
2105
9618
1687
1749
3948
3260
1291
1981
9283
3925
8032
9809
7132
6317
3505
4046
8374
2989
6741
3431
73
3516
4127
1718
5495
7542
4314
4694
7585
4212
9568
1345
5178
586
5954
9496
4516
1578
5214
5698
8246
4515
9202
7570
1223
3988
7143
3894
4141
9601
2090
5957
1734
5972
4295
4786
675
8520
1352
8902
7790
2634
8069
4270
4762
2490
5939
3628
6266
1555
8753
760
691
9686
3761
7073
1547
875
1168
3934
5520
304
2883
3212
4267
759
5212
3818
8177
3753
5683
1065
4508
5837
9029
1534
3080
6274
112
9043
8561
2946
3130
1692
1866
5113
7852
9017
5441
1386
2627
4891
3209
8374
7096
6491
8417
5637
517
1117
985
9184
7077
2690
1611
6151
3907
7013
7402
7775
2308
2280
3748
5437
6508
9344
5266
8921
4626
189
7525
461
7285
8516
410
9209
8628
127
7072
7553
8612
2473
7028
8895
4270
5447
5484
4727
2386
8272
4620
7361
9902
7794
2519
1865
6196
2850
9017
8954
3128
7009
8087
2876
7522
6517
8621
6839
6303
82
5818
3033
1147
9684
8870
6582
3653
9632
9077
5223
4388
4121
9649
1552
7247
2366
9251
8097
5109
5095
4219
4556
2254
8809
3398
425
7240
5759
4654
2100
4994
281
9766
1829
8404
8722
8615
6631
5191
8631
3571
9690
7630
1659
2930
3303
8209
5934
7367
7092
4615
5266
2726
1375
6099
9067
7013
4178
9081
2096
9917
7899
1014
6803
9093
1866
2380
6347
3689
5438
3544
694
9923
4416
9870
8623
4136
8225
686
5419
5660
1899
7059
5164
1720
2210
3684
5991
3902
131
7306
9357
5361
7817
2934
7606
5194
9124
8937
6716
7326
687
7785
5115
6062
9258
2586
6967
9952
2097
6495
373
9920
8191
7691
7377
5191
3589
4518
7908
8729
9162
4721
3213
6985
121
3834
4107
3890
5189
68
5969
9618
4438
147
4631
5
310
3407
4464
7045
3188
6251
5745
8099
399
940
6157
4309
5087
3934
1187
8647
9863
8762
7651
4625
371
3107
1270
3709
4206
2034
1317
6752
9212
3781
3043
8432
8488
7822
4083
7597
3002
6468
3303
8401
7647
7057
5022
9418
907
1261
5183
5271
9954
4748
7963
9439
7178
4034
1110
3628
3658
5692
6518
3725
6923
2637
2508
6193
6859
451
4606
7601
3371
9613
8771
9939
5525
8494
5508
7111
5969
1733
4563
7145
3925
6799
7474
9444
9234
1802
7350
4362
5532
1040
1104
7691
460
1613
4091
7706
4535
5443
4107
9045
6010
1953
7678
7553
8700
7831
9373
6044
3869
837
1114
261
7691
7698
8948
3958
1340
9066
8902
4395
3883
2522
2170
5822
661
1362
8808
5638
923
2571
8652
2189
8161
4847
7075
5364
1924
5576
7564
7952
6905
4043
9468
1664
9159
9574
3792
8127
6666
7274
1567
4772
7110
1984
5275
7488
7025
7466
4678
9612
3571
7549
2515
3622
7141
8684
1113
1445
5321
1401
3176
8136
5909
3724
3004
3465
8966
7212
2305
8408
7923
7922
9420
9981
8021
1540
9148
5862
9964
5993
3774
1119
1072
1009
2744
1286
6501
5669
1365
8666
9721
9490
6278
6430
7491
2038
5155
4735
2665
215
754
8330
7381
6897
5899
3227
8266
7231
6469
957
5442
9557
863
5431
7400
2525
3160
8059
5946
439
5158
1725
6987
231
2048
622
3294
3148
6593
8452
4415
3879
284
264
2460
9068
3274
1329
5303
5581
2139
3055
2350
6380
5423
2988
6119
3359
6119
4953
1944
8039
3300
8367
6782
7464
5933
5380
8402
1657
9013
294
8821
521
7302
2424
5113
1024
9734
9235
9071
3420
6629
3747
3025
6489
8857
6466
6009
3
4917
5775
7105
3027
7508
5414
5522
1049
4610
5400
1740
4251
9853
8028
2851
6879
9518
6874
612
3448
9512
3779
14
846
9264
9093
105
7289
2138
2959
3304
271
5782
3296
4270
8147
4832
4814
5533
3079
6255
1875
584
1160
6283
4138
7166
1740
9021
6961
2925
8944
4135
5165
2651
5704
2577
6266
5007
9750
6522
6436
8957
9911
7389
6463
8773
7038
1601
5285
9042
2920
1024
3224
3868
8401
5547
3224
1260
1437
9070
1315
9371
8557
4924
9802
5553
2521
4377
1373
1542
5092
2351
8285
7495
53
9595
2830
6752
6726
7144
3832
8351
2291
102
610
7804
3163
8204
7971
7014
3915
5879
4741
2281
5475
7290
5085
1844
3122
8082
6876
5972
5400
3917
4828
6485
5976
654
5825
1732
5682
7019
5764
9279
1249
5201
3473
6275
4501
7444
1145
1322
76
4589
1668
5546
2878
4985
1808
2773
6182
633
5786
4302
4739
4278
4410
4209
5262
8549
6348
8546
4003
2569
4395
7153
552
2902
8538
6171
8082
7682
6254
5720
9182
6329
9785
7085
8133
3837
5524
8933
1507
9103
2298
5905
4133
9156
1725
2507
8030
6019
5663
762
5986
8623
4759
8183
1933
3557
9180
3264
3860
6108
8753
5366
9161
9562
4511
5100
4171
4830
6032
7609
150
9023
417
1540
448
4845
3377
1729
4907
1151
5842
822
8677
6941
923
4631
9516
574
9053
4711
3040
3804
9602
5737
2182
1686
8191
2261
7152
5552
714
401
3295
440
2682
3410
3396
2307
9676
9541
9155
4117
5971
3274
5094
5174
2766
5408
7127
8643
1809
5797
6571
6222
8418
7153
191
1068
4061
9740
1947
4722
7618
1378
2563
4543
2362
9438
1988
8771
8840
118
9114
7263
7080
2795
9093
5871
2325
2547
1005
9960
7504
3668
5742
3148
6369
594
3436
266
8670
6338
4225
2060
3644
3354
8565
6004
8166
727
8113
2787
2341
1817
698
563
8900
4713
3003
2149
4681
9306
2733
6078
8185
1249
2281
5353
7395
6603
4114
6422
6151
6649
9349
2788
1245
2627
3308
4872
9607
3647
2098
4815
5451
9962
3970
1929
2360
3628
6792
4045
7209
8960
2422
7203
7539
6506
1704
3852
3247
6578
4302
1097
6806
890
5592
670
7245
7396
8128
3054
4389
925
2401
1218
8381
5604
7934
7187
1123
6679
8415
9521
2919
7072
5752
9059
9344
5987
957
3330
4293
3314
4791
5173
1990
4033
6944
5078
3101
1510
281
8815
2912
3667
6693
3665
5141
1795
3072
4303
4637
2849
9554
6939
8689
4835
9342
4673
4034
1852
1418
4467
1558
4519
7723
4414
8432
4253
4296
5463
2869
8841
7029
9847
4699
1451
1049
63
8719
9663
36
2520
2479
5608
1510
1795
9642
784
8455
4937
3790
33
1300
2455
1887
9952
1882
1651
8038
9207
5875
4234
5782
2360
6294
5213
9097
4702
3206
7926
2987
2394
7002
3477
9458
8779
7831
1664
9323
34
2859
8150
6411
3329
9216
2377
4339
9454
8930
8177
7954
318
1137
7904
1429
6584
4659
6287
4521
6803
5946
7586
4428
2251
1152
4860
7585
6701
1729
1794
5039
7062
8397
1848
5143
7697
4621
9524
8922
523
1894
3277
6809
5379
4205
9471
2951
5496
2994
7885
1190
9679
8120
525
9756
3778
997
2778
4770
1795
2769
4117
8055
8225
6559
6901
5866
3883
7377
4298
9954
3569
3266
4985
8549
1090
8030
5108
9460
2675
2243
428
3933
1419
9540
2341
3603
6771
1490
488
8955
4694
7064
1508
5371
675
5587
7493
9811
9273
1970
4499
4786
1381
9838
4637
5221
4503
1478
292
5997
3356
5825
3639
6475
4160
5528
3825
997
1230
7952
1093
7797
5720
9098
693
2266
7122
5571
5140
5210
9469
9234
7714
3914
1155
6148
7333
288
6333
6155
8375
688
729
7808
650
3277
1323
6567
8067
8250
5184
8818
7006
9528
7831
6144
3781
2956
2063
6007
5724
7002
3780
4521
8586
2494
9724
2666
165
7623
5546
1102
2753
1503
6422
235
9979
4232
4685
3951
8192
609
8272
8634
8737
6268
2485
3476
8663
5051
4322
2633
3561
7927
8130
5248
9437
7601
4562
6584
2445
445
3597
7106
180
4541
4647
604
7099
8122
4451
9206
9369
6588
3422
1205
8791
187
9926
3379
5811
3540
80
6312
9954
7092
7521
1665
5658
4508
3936
9420
2970
1690
9379
9618
5935
1049
5405
6072
6149
5506
4301
8871
2981
4966
581
4322
7071
6403
6043
2782
996
2364
8634
7568
9473
7728
3076
5031
9783
2253
4596
9415
6600
784
1573
4642
7945
167
8563
3378
2272
138
8871
5159
2238
3984
7254
815
4342
4888
4424
9721
9837
7902
2326
205
4774
1978
5911
6570
4060
6176
5782
2694
1656
353
824
267
2336
7010
6288
3968
4237
9396
5472
1065
6651
6747
1192
5733
1193
6068
1442
5101
3846
1965
8529
4232
2974
8098
5999
4734
8664
7783
7512
4478
6400
8259
7155
7732
5280
6544
4860
4800
9000
5548
2183
1429
1156
9208
6814
4041
180
976
7645
7342
5493
4953
8752
8609
7375
6469
2298
2489
3338
5822
8321
2288
7333
1971
7823
4392
4118
7339
4615
177
525
3190
9513
6053
9480
1626
5932
2236
4277
3282
9417
4707
7961
3233
5742
7927
2686
3209
9987
6442
3706
9948
9179
9291
9126
1392
9436
1314
3918
4433
4885
6098
4563
4666
348
7760
6993
4758
9884
8354
3440
1943
4755
544
9142
9275
4264
3157
5037
7718
6641
1036
631
6167
9577
2282
6219
8482
3900
5358
3238
1475
2188
1817
7456
7810
6770
1559
9597
5619
7969
706
5266
7706
8496
9134
2999
6192
7412
7694
9911
6546
4205
7310
7972
5967
8138
2037
9857
1426
9429
4315
4007
54
3900
4327
2797
4882
6425
131
7397
1707
9362
5318
9406
4744
4702
1377
7327
8524
8099
8817
1926
4056
8950
3913
2317
2763
4153
1534
5648
9107
4340
5176
1273
9742
4670
5558
4257
7856
9663
1475
2377
2189
6505
7088
3290
7593
2524
3397
3608
6558
4098
8165
5381
8052
4308
6691
6073
9826
8155
8495
4242
8467
9321
4413
8705
2708
9775
3536
8158
2835
6562
1262
5266
437
9497
6537
4916
4827
6747
4755
6019
6265
568
8560
6121
7136
5133
2248
3317
5705
1194
2929
2107
3500
8010
9383
2839
2915
2213
7795
436
9775
8640
6787
31
6884
9903
7950
1539
6768
8082
4953
7804
3759
3272
4136
4661
5178
229
8249
8688
9254
8986
8747
6584
6821
5123
6105
4828
2186
554
4477
6555
3808
6652
4001
979
6522
993
5033
3446
9372
6871
173
4778
9802
2727
9824
8026
144
8746
1061
8309
889
7827
812
5820
182
8087
4465
6326
6461
9530
450
286
581
4744
2200
1839
1983
8796
1732
6507
4596
8964
8741
4986
3514
2821
9934
1367
7924
897
2605
5433
1106
2057
9878
7996
3337
4643
9192
1378
5927
577
6846
4703
9313
9327
7427
5659
726
2823
